,0,1,2,3,4,5,6,7,8,9,10
0,4937,0.7265545878063602,0.018634798460603605,0.010330160016204173,0.01073526433056512,0.006886773344136115,0.01073526433056512,0.019242454932145027,0.07352643305651205,0.12335426372290866,0.0
1,5700,0.6985964912280702,0.01929824561403509,0.010175438596491228,0.009649122807017544,0.007368421052631579,0.01,0.02017543859649123,0.0756140350877193,0.12614035087719297,0.02298245614035088
2,5746,0.6392272885485555,0.02140619561434041,0.010616080751827359,0.010616080751827359,0.008179603202227636,0.011312217194570135,0.02297250261051166,0.07831534980856247,0.16585450748346675,0.031500174034110685
3,6372,0.6178593848085373,0.019303201506591337,0.012397991211550533,0.008788449466415568,0.00847457627118644,0.011142498430634024,0.023854362837413684,0.07501569365976146,0.19036409290646578,0.03279974890144382
4,6770,0.5903988183161004,0.0206794682422452,0.011521418020679469,0.010044313146233382,0.008567208271787297,0.011669128508124077,0.02348596750369276,0.07666174298375185,0.21521418020679467,0.03175775480059084
5,7425,0.5835690235690235,0.020606060606060607,0.011447811447811448,0.009696969696969697,0.007676767676767677,0.01090909090909091,0.022222222222222223,0.08377104377104377,0.21885521885521886,0.031245791245791247
6,7584,0.5466772151898734,0.020701476793248946,0.011471518987341773,0.01173523206751055,0.006460970464135021,0.011603375527426161,0.022943037974683545,0.09744198312236287,0.23338607594936708,0.03757911392405063
7,7654,0.5062712307290306,0.020904102430101906,0.012673112098249282,0.010452051215050953,0.006924483929971257,0.013718317219754377,0.023125163313300234,0.11601776848706559,0.24954272275934153,0.04037104781813431
8,8111,0.4918012575514733,0.020466033781284674,0.012698804093206756,0.009986438170385895,0.007150782887436815,0.013808408334360745,0.02342497842436198,0.12402909628899025,0.25533226482554555,0.041301935642954014
9,8246,0.45804026194518555,0.021707494542808636,0.011399466407955373,0.011642008246422508,0.008367693427116178,0.012248362842590347,0.027771040504487025,0.13679359689546447,0.26594712587921415,0.04608294930875576
10,8686,0.449343771586461,0.021989408243149898,0.011512779184895234,0.010706884641952567,0.008404328804973521,0.012779184895233709,0.028321436794842274,0.14667280681556527,0.26341238775040293,0.0468570112825236
11,8941,0.4299295380829885,0.020803042165305895,0.013085784587853708,0.009283077955485964,0.008723856391902473,0.014092383402303992,0.02997427580807516,0.15971367855944527,0.2650710211385751,0.04932334190806398
12,9107,0.40540243768529705,0.020643461073899198,0.01295706599319205,0.010102119248929394,0.00878445152080817,0.013286482925222356,0.03250247062699023,0.1759086417041836,0.26682771494454816,0.053585154276929836
13,9820,0.4123217922606925,0.020977596741344195,0.011710794297352342,0.01109979633401222,0.007331975560081467,0.01384928716904277,0.03054989816700611,0.1725050916496945,0.2621181262729124,0.057535641547861505
14,10130,0.3989141164856861,0.020138203356367228,0.012339585389930898,0.009279368213228036,0.009378084896347482,0.01194471865745311,0.03346495557749259,0.17857847976307997,0.26959526159921027,0.05636722606120435
15,10409,0.3846671149966375,0.02171198001729273,0.011528484964934192,0.01047170717648189,0.00778172735133058,0.013738111249879911,0.03381688923047363,0.18753002209626285,0.2704390431357479,0.058314919780958784
16,10585,0.36523382144544164,0.020878601794992915,0.012470477090222013,0.010203117619272556,0.007935758148323098,0.013982050070854983,0.03504959848842702,0.1998110533774209,0.271610769957487,0.06282475200755787
17,11438,0.3845077810806085,0.021244972897359677,0.011015911872705019,0.009791921664626682,0.007431369120475608,0.014075887392900856,0.03663227837034447,0.19199160692428746,0.25511453051232735,0.0681937401643644
18,11383,0.35500307476060794,0.020820521830800316,0.011332689097777387,0.01010278485460775,0.008082227883686198,0.014056048493367302,0.04146534305543354,0.2061846613370816,0.2587191425810419,0.07423350610559606
19,11529,0.33662936941625465,0.02047011883077457,0.010842223956978056,0.011622864081880475,0.006939023332465956,0.0156128024980484,0.043282158036256395,0.21242085176511405,0.2620348685922456,0.08014571948998178
20,12011,0.337523936391641,0.019482141370410457,0.01190575305969528,0.010157355757222547,0.0074098742819082505,0.014403463491799185,0.046873699109149944,0.20747647989343102,0.26059445508284074,0.08417284156190159
21,12353,0.3302031895086214,0.020076094875738686,0.010766615397069537,0.009957095442402655,0.0076094875738686955,0.014976119161337327,0.04865214927547964,0.2102323322269894,0.25953209746620254,0.08799481907229013
22,12534,0.31617999042604117,0.018509653741822243,0.011408967608105952,0.0109302696665071,0.007260252114249242,0.015797032072762087,0.052178075634274776,0.2142173288654859,0.2620073400351045,0.09151108983564704
23,12763,0.3047089242341142,0.018961059312073963,0.012536237561701795,0.008932069262712528,0.008461960354148711,0.01551359398260597,0.05437593042388153,0.22964820183342474,0.25346705320065815,0.09339496983467836
24,13065,0.2971297359357061,0.019823957137389974,0.010945273631840797,0.010026789131266743,0.007807118254879449,0.015767317259854575,0.05602755453501722,0.23199387676999617,0.2571756601607348,0.0933027171833142
25,13323,0.28859866396457257,0.01966524056143511,0.011333783682353825,0.010508143811453877,0.006905351647526833,0.015311866696689935,0.05689409292201456,0.22967800045034903,0.2724611573969827,0.08864369886662163
26,13685,0.2852758494702229,0.020021921812203143,0.010814760686883449,0.009864815491413957,0.008403361344537815,0.014541468761417611,0.058896602119108514,0.22338326635001826,0.2772378516624041,0.09156010230179028
27,14079,0.2836849208040344,0.01946160948931032,0.01150649904112508,0.00973080474465516,0.007244832729597273,0.01662049861495845,0.060515661623694865,0.22466084238937425,0.26919525534483985,0.0973790752184104
28,14362,0.27684166550619693,0.018381840969224343,0.012254560646149562,0.009887202339507033,0.006962818548948615,0.015178944436707979,0.06391867427934828,0.2266397437682774,0.2763542682077705,0.09358028129786938
29,14408,0.25936979455857856,0.01929483620210994,0.011521377012770683,0.00839811215991116,0.008883953359244865,0.014714047751249307,0.06808717379233759,0.23813159355913383,0.28151027207107165,0.09008883953359245
30,14802,0.2595595189839211,0.01959194703418457,0.010606674773679232,0.009390622888798812,0.007836778813673827,0.01553844075124983,0.0680313471152547,0.238819078502905,0.2884745304688556,0.08215106066747736
31,15151,0.25747475414164084,0.01920665302620289,0.010494356808131476,0.010626361296284074,0.007128242360240248,0.016104547554616856,0.0704903966734869,0.2389941258002772,0.2924559435020791,0.07702461883704045
32,15246,0.2449822904368359,0.01757838121474485,0.012396694214876033,0.008133280860553588,0.008133280860553588,0.015807424898333988,0.0743801652892562,0.24629410993047357,0.2966679784861603,0.07562639380821198
33,15599,0.24225911917430604,0.02025770882748894,0.009616001025706776,0.009423681005192641,0.008141547535098404,0.015193281620616707,0.07628694147060709,0.24834925315725367,0.2966215783063017,0.07385088787742804
34,15841,0.23685373398144058,0.018117543084401236,0.0108579003850767,0.01028975443469478,0.007070260715863898,0.015844959282873557,0.07568966605643583,0.2526986932643141,0.3013067356858784,0.0712707531090209
35,16551,0.2509213944776751,0.018911244033593136,0.010452540631985982,0.00888163857168751,0.0074315751314119995,0.015527762672950274,0.07232191408374117,0.2482025255271585,0.2993172617968703,0.06803214307292611
36,16502,0.2327596654950915,0.017876621015634468,0.011574354623681978,0.00884741243485638,0.007756635559326142,0.015392073688037813,0.0780511453157193,0.25469640043631075,0.3054175251484669,0.0676281662828748
37,16819,0.23110767584279684,0.018372079196147216,0.009572507283429454,0.010464355788096796,0.006837505202449611,0.01605327308401213,0.07990962601819371,0.25518758546881504,0.30733099470836556,0.06516439740769368
38,17127,0.22835289309277748,0.01810007590354411,0.010976820225375139,0.009225199976645063,0.006948093653295966,0.015647807555322007,0.08098324283295381,0.2583055993460618,0.30857710048461495,0.0628831669294097
39,17138,0.21361885867662506,0.01797175866495507,0.010619675574746178,0.009452678258840004,0.007410432956004201,0.01674641148325359,0.08449060567160696,0.2646166413817248,0.31304702999183104,0.06202590734041312
40,17421,0.20980425922736926,0.018426037540898915,0.011250789277308994,0.009126915791286378,0.0066586303886114456,0.016474370013202455,0.0859881751908616,0.2674358532805235,0.31530910969519543,0.05952585959474198
41,17617,0.20236135550888346,0.018675143327467787,0.01016064029062837,0.009536243401260146,0.007776579440313334,0.01640460918431061,0.08838054152239315,0.27115854004654594,0.3177044899812681,0.0578418572969291
42,17923,0.2014171734642638,0.017519388495229594,0.010656698097416727,0.009708196172515763,0.007085867321318976,0.01629191541594599,0.09088880209786308,0.2739496736037494,0.3148468448362439,0.05763544049545277
43,18281,0.20130189814561567,0.018543843334609705,0.010229199715551666,0.009025764454898529,0.007494119577703627,0.016465182429845196,0.09151578141239539,0.276133690717138,0.3120179421257043,0.057272578086537934
44,18524,0.19795940401641116,0.016735046426257828,0.011336644353271431,0.008421507233858778,0.007341826819261499,0.017004966529907146,0.09285251565536601,0.28028503562945367,0.31337724033686026,0.05468581299935219
45,18725,0.19134846461949265,0.01799732977303071,0.010253671562082777,0.008758344459279038,0.0074232309746328435,0.01666221628838451,0.09548731642189585,0.2849666221628838,0.31716955941255004,0.04993324432576769
46,19134,0.19410473502665412,0.017351311800982545,0.010034493571652555,0.009511863698128986,0.006794188355806418,0.0170377338768684,0.09600710776627992,0.28222013170272814,0.3192745897355493,0.04766384446534964
47,19456,0.19305098684210525,0.017064144736842105,0.0107421875,0.008120888157894737,0.007349917763157895,0.0166015625,0.09724506578947369,0.2872121710526316,0.3177939967105263,0.04481907894736842
48,19483,0.1792331776420469,0.018118359595544833,0.009854745162449314,0.009290150387517323,0.006621156906020633,0.017861725606939383,0.10121644510598984,0.29805471436637065,0.3175075707026639,0.04224195452445722
49,19704,0.1750913520097442,0.017407632967925295,0.011114494518879416,0.007917174177831911,0.007105156313438896,0.01791514413317093,0.1027202598457166,0.30755176613885504,0.31303288672350793,0.04014413317092976
50,20115,0.17852348993288591,0.017648521004225703,0.01009197116579667,0.009047974148645289,0.0070096942580164055,0.01819537658463833,0.10116828237633607,0.3101665423813075,0.31469052945563014,0.033457618692518024
51,20400,0.1768627450980392,0.017450980392156864,0.009852941176470589,0.008872549019607844,0.0072058823529411765,0.017450980392156864,0.10313725490196078,0.312843137254902,0.3184313725490196,0.0278921568627451
52,20447,0.16608793466034136,0.017068518609086907,0.010612803834303321,0.008460898909375458,0.007482760307135521,0.01829119186188683,0.10583459676236123,0.32254120408861936,0.31789504572797966,0.025725045238910355
53,20880,0.17021072796934866,0.01685823754789272,0.010009578544061303,0.008668582375478927,0.006944444444444444,0.01882183908045977,0.10560344827586207,0.3242337164750958,0.31005747126436783,0.028591954022988506
54,20993,0.16129185919115896,0.017100938408040774,0.01052731863001953,0.008002667555851951,0.007097603963225837,0.019244510074786832,0.1096079645596151,0.3339684656790359,0.30634020864097555,0.026818463297289572
55,21527,0.1689970734426534,0.017234171041018258,0.010266177358665862,0.008268685836391508,0.006875087099921029,0.020021368513959213,0.10674966321363868,0.33576438890695404,0.3011566869512705,0.024666697635527476
56,21509,0.15644613882560787,0.016737179785206193,0.010042307871123715,0.008322097726533079,0.007624715235482821,0.020735506067227672,0.10865219210563021,0.3545957506160212,0.29866567483379053,0.018178436933376726
57,22024,0.1631856156919724,0.01720849981837995,0.009898292771521976,0.008263712313839449,0.007173992008717762,0.019705775517617145,0.10947148565201598,0.35338721394841993,0.2987649836541954,0.012940428623320014
58,22218,0.15901521289044918,0.015662975965433434,0.010306958322081195,0.009001710324961743,0.0070213340534701595,0.01984877126654064,0.11130614816815194,0.36092357547934106,0.3005671077504726,0.006346205779098029
59,22416,0.15422019985724483,0.016595289079229122,0.009189864382583868,0.008565310492505354,0.007316202712348323,0.020342612419700215,0.11375802997858672,0.3649625267665953,0.30317630264097073,0.001873661670235546
60,22531,0.14637610403444143,0.01642181882739337,0.009853091296436021,0.007944609648928144,0.007545160001775332,0.02130398118148329,0.11521903155652212,0.3777462163241756,0.2971905374816919,0.00039944964715281166
61,23084,0.1550424536475481,0.016548258534049558,0.009400450528504592,0.007970888927395598,0.007537688442211055,0.02183330445330099,0.11410500779760874,0.3764079015768498,0.29115404609253165,0.0
62,23230,0.14911752044769694,0.01618596642272923,0.00977184674989238,0.008179078777442962,0.006973740852346104,0.02238484718037021,0.11696082651743435,0.3782178217821782,0.29220835126990957,0.0
63,23607,0.15088744863811582,0.01711356800948871,0.009446350658702926,0.0075824967170754435,0.007455415766509934,0.022874571101791842,0.1164908713517177,0.37759986444698607,0.29054941330961154,0.0
64,23797,0.1471614069000294,0.016178509896205406,0.009454973315964198,0.007984199689036433,0.0070176913056267595,0.023574400134470732,0.11711560280707652,0.3805521704416523,0.29096104550993823,0.0
65,24089,0.14641537631283988,0.01585786043422309,0.00963095188675329,0.008261032006309933,0.006351446718419196,0.02544729959732658,0.1180621860600274,0.38274731205114365,0.28722653493295697,0.0
66,24411,0.14702388267584285,0.01597640408012781,0.009381016754741714,0.007988202040063905,0.006595387325386097,0.02523452541886854,0.12142067100897136,0.379501044611036,0.2868788660849617,0.0
67,24879,0.15149322721974356,0.016037622090920054,0.009485911813175771,0.007717351983600627,0.0067526829856505485,0.025603922987258332,0.12010129024478476,0.3837372884762249,0.27907070219864144,0.0
68,25057,0.14726423753841242,0.015684239932952867,0.009458434768727302,0.007822165462744942,0.007103803328411222,0.026379853933032684,0.1207247475755278,0.3914674542044139,0.2740950632557768,0.0
69,25026,0.13649804203628227,0.01498441620714457,0.009390234156477264,0.008391273076000958,0.0062734755853911936,0.02928953887956525,0.12395109086549988,0.40577799088947497,0.2654439383041637,0.0
70,25650,0.14569200779727096,0.016335282651072126,0.00884990253411306,0.007992202729044834,0.006978557504873294,0.029161793372319687,0.12237816764132553,0.404327485380117,0.25828460038986356,0.0
71,25729,0.13887053519375026,0.015391192817443352,0.009289128998406468,0.00808426289401065,0.006685063546970345,0.03066578568930001,0.12530607485716508,0.4117144078666097,0.2539935481363442,0.0
72,26214,0.14454108491645687,0.015487907225146869,0.008926527809567406,0.008201724269474327,0.006599526970321202,0.03147173266193637,0.12336919203479058,0.41809719996948197,0.24330510414282444,0.0
73,26313,0.13803063124691217,0.014707559001254132,0.009615019192034356,0.007486793600121613,0.0068787291452894,0.03215140804925322,0.12689545091779728,0.43164975487401663,0.23258465397332118,0.0
74,26948,0.14828558705655337,0.015140270149918362,0.009277126317351937,0.007533026569689773,0.006382662906338133,0.03250705061600119,0.1259091583791005,0.42645094255603383,0.22851417544901292,0.0
75,27424,0.15311406067677946,0.015315052508751459,0.00911610268378063,0.007219953325554259,0.007074095682613769,0.03219807467911318,0.12572928821470244,0.4300977246207701,0.22013564760793466,0.0
76,27135,0.13510226644555004,0.014925373134328358,0.009176340519624102,0.007997051778146306,0.006301824212271974,0.03453104846139672,0.1310484613967201,0.44658190528837294,0.21433572876358947,0.0
77,27430,0.13456069996354356,0.015275246080933285,0.009041195771053591,0.007437112650382793,0.006707983959168794,0.03521691578563616,0.13040466642362378,0.45614290922347794,0.2052132701421801,0.0
78,28010,0.14298464833987862,0.014637629418064976,0.009639414494823277,0.006997500892538379,0.006640485540878258,0.03488039985719386,0.13013209568011425,0.4567654409139593,0.19732238486254908,0.0
79,28327,0.14293783316270695,0.015003353690825007,0.00854308610159918,0.008401878066862005,0.006107247502382886,0.035619726762452786,0.12984078794083384,0.46626893070215697,0.1872771560701804,0.0
80,28101,0.12736201558663393,0.014483470339133839,0.009359097541012775,0.007223942208462332,0.0067969111419522435,0.03836162414148963,0.13348279420661185,0.4789865129354827,0.18394363189922067,0.0
81,28158,0.11964628169614319,0.014951345976276724,0.009020527026067192,0.007599971588891257,0.006818666098444491,0.039526955039420414,0.13616023865331345,0.49666169472263655,0.16961431919880673,0.0
82,28733,0.12737966797758674,0.015557025023492151,0.008770403368948595,0.006960637594403647,0.0076915045418160305,0.03904917690460446,0.13423589600807434,0.5015139386767828,0.15884174990429123,0.0
83,29076,0.12842206630898334,0.015098362910991883,0.009010868069885816,0.007153666253955152,0.006775347365524832,0.04041133580960242,0.13495666529096162,0.5091140459485486,0.14905764204154628,0.0
84,29200,0.12373287671232877,0.014863013698630138,0.00863013698630137,0.0075,0.00684931506849315,0.041643835616438356,0.13633561643835618,0.529554794520548,0.1308904109589041,0.0
85,29923,0.1357818400561441,0.01457073154429703,0.009056578551615815,0.006917755572636433,0.006817498245496775,0.041005246800120305,0.13477926678474753,0.5281890184807673,0.12288206396417471,0.0
86,29995,0.1291881980330055,0.014169028171361894,0.009068178029671612,0.007467911318553093,0.0062677112852142025,0.04260710118353059,0.14115685947657944,0.5321220203367227,0.1179529921653609,0.0
87,30223,0.12735334017139266,0.014161400258081594,0.009065943155874666,0.0068821758263574095,0.0068490884425768455,0.04390695827680905,0.14657711014790062,0.536809714455878,0.10839426926512921,0.0
88,30302,0.12108111675796977,0.014256484720480496,0.008943304072338459,0.007293247970430994,0.0065672232855917105,0.04514553494818824,0.15157415352121972,0.5486436538842321,0.09649528083954854,0.0
89,30707,0.12440160224053147,0.01387305826033152,0.008532256488748493,0.007425017097078842,0.006708568078939656,0.04595043475429055,0.15393884130654248,0.5391278861497378,0.10004233562379913,0.0
90,31172,0.12867316822789682,0.014339792121134351,0.008757859617605543,0.006704735018606442,0.0068651353779032465,0.046034903118182986,0.1588605158475555,0.5245733350442705,0.10519055562684461,0.0
91,31412,0.1271488603081625,0.01397555074493824,0.008690946135234943,0.0072265376289316185,0.0063669935056666245,0.046033363045969694,0.16121227556347892,0.5198331847701515,0.10951228829746594,0.0
92,31486,0.1202439179317792,0.014736708378326876,0.008289398462808868,0.007082512862859684,0.0070507527154926,0.04779902178746109,0.1631518770247094,0.5214698596201487,0.11017595121641365,0.0
93,32040,0.12755930087390763,0.014294631710362047,0.008083645443196005,0.007365792759051186,0.006585518102372035,0.04744069912609238,0.16335830212234706,0.5251560549313359,0.10015605493133584,0.0
94,32280,0.1261462205700124,0.013940520446096654,0.008209417596034696,0.007372986369268897,0.00687732342007435,0.047335811648079304,0.1669454770755886,0.5215923172242874,0.10157992565055762,0.0
95,32455,0.12315513788322292,0.013834540132491142,0.008319211215529193,0.006963487906331844,0.007240794946849484,0.0489909104914497,0.16823293791403482,0.5287937143737482,0.09446926513634263,0.0
96,32555,0.11783136230993703,0.013577023498694517,0.008539394870219628,0.007648594685916142,0.006512056519735832,0.05108278298264476,0.1702042696974351,0.5378897250806328,0.08671479035478422,0.0
97,33994,0.14711419662293346,0.013561216685297405,0.007942578102018004,0.007118903335882803,0.006765899864682003,0.04818497381890922,0.16461728540330647,0.5161204918515032,0.08857445431546744,0.0
98,33663,0.13130142886849064,0.013189555298101773,0.00867421204289576,0.006951252116567151,0.006475952826545465,0.048034934497816595,0.17387042153105783,0.519977423283724,0.09152481953480082,0.0
99,34249,0.1384273993401267,0.013401851148938656,0.008117025314607725,0.007211889398230606,0.006306753481853485,0.04899413121550994,0.17261817863295278,0.5138252211743408,0.09109755029343923,0.0
100,33812,0.11992783627114634,0.013545486809416776,0.00831065893765527,0.00695019519697149,0.006920619898260973,0.05264403170472022,0.17739264166568083,0.5173607003430735,0.09694782917307465,0.0
101,34267,0.12402603087518604,0.013336446143520005,0.008842326436513264,0.00665363177400998,0.006449353605509674,0.051507281057577264,0.18084454431377125,0.5095864826217644,0.09875390317214813,0.0
102,34422,0.12033002149787926,0.013828365580152229,0.00807623031782,0.006885131601882517,0.007030387542850502,0.05220498518389402,0.18215094997385392,0.5098483527976294,0.09964557550403812,0.0
103,34805,0.12274098549059043,0.01379112196523488,0.007671311593161902,0.006981755494900158,0.007125413015371355,0.05306708806206005,0.18324953311305847,0.5006177273380261,0.1047550639275966,0.0
104,35123,0.12291091307690118,0.013780144065142498,0.008000455541952566,0.006947014776642086,0.006434530080004555,0.05455114881986163,0.18452296216154657,0.49853372434017595,0.10431910713777297,0.0
105,36000,0.13716666666666666,0.013055555555555556,0.00788888888888889,0.007055555555555555,0.0065,0.05322222222222222,0.18422222222222223,0.48430555555555554,0.10658333333333334,0.0
106,35583,0.12002922744006969,0.0134052778011972,0.007672203018295253,0.007053930247590141,0.007025826939830818,0.05435179720653121,0.19096197622460165,0.4854284349267909,0.11407132619509316,0.0
107,36470,0.13405538799012887,0.013161502604880724,0.007842061968741432,0.006964628461749383,0.006553331505346861,0.0527556896078969,0.18697559638058678,0.47565122018097067,0.11604058129969838,0.0
108,36135,0.11913657119136571,0.013311194133111942,0.0076656980766569805,0.0076103500761035,0.00680780406807804,0.054822194548221945,0.19283243392832433,0.48255154282551543,0.11526221115262211,0.0
109,36841,0.12898672674465947,0.012920387611628349,0.007925952064276215,0.007111641920686192,0.0067316305203441815,0.05586167585027551,0.1892456773703211,0.48440596075025105,0.10681034716755788,0.0
110,36946,0.12396470524549343,0.013019000703729768,0.008255291506523033,0.006929031559573431,0.00655010014615926,0.056785578953066636,0.18973637200238186,0.4858442050560277,0.10699399123044444,0.001921723596600444
111,37031,0.1193324511895439,0.013205152439847696,0.0075882368826118655,0.007318192865437066,0.006751100429369987,0.05676325241014285,0.18962490886014421,0.48583619129918176,0.10928681375064135,0.004293699873079312
112,37162,0.11544050374037995,0.013373876540552177,0.007803670416016361,0.0067273020827727245,0.006915666541090361,0.05548678757870944,0.19506485119207792,0.49068941391744253,0.10438081911630159,0.004117108874656907
113,37414,0.11431549687282835,0.013363981397337896,0.007858021061634681,0.00678890254984765,0.00678890254984765,0.05778585556208906,0.19441920136847168,0.49379911263163523,0.10119206714064254,0.003688458865665259
114,37830,0.11694422416071901,0.013772138514406555,0.007375099127676447,0.007137192704203013,0.007005022468939995,0.05810203542162305,0.19384086703674333,0.48260639703938674,0.10882897171556966,0.004388051810732223
115,38145,0.11749901690916241,0.013527329925285096,0.007471490365709791,0.006658801939965919,0.007995805479092935,0.05812033031852143,0.19520251671254424,0.4752392187704811,0.11448420500720934,0.0038012845720277887
116,38181,0.11154762840156099,0.013566957387182107,0.00770016500353579,0.006966815955580001,0.007254917367276918,0.06008223985752076,0.2000733349047956,0.4708100887876169,0.1180953877583091,0.00390246457662188
117,38536,0.11311500934191406,0.013104629437409176,0.007447581482250363,0.007551380527299149,0.006720988166908864,0.0603331949346066,0.20098090097571103,0.46800394436371184,0.11731887066638987,0.005423500103799045
118,38865,0.11393284446159783,0.012813585488228483,0.008310819503409237,0.006715553840216133,0.007230155667052618,0.06041425447060337,0.20162099575453493,0.4669239675800849,0.11871864145117715,0.00331918178309533
119,39238,0.11593353381925685,0.012640807380600439,0.008308272592894643,0.00680462816657322,0.007033997655334115,0.06075742902288598,0.20087670115704165,0.462357918344462,0.12182068403078648,0.0034660278301646362
120,39074,0.10595280749347392,0.012489123202129294,0.008112811588268414,0.0072682602241899985,0.006858780774939858,0.06234324614833393,0.20456057736602345,0.4660643906433946,0.12499360188360546,0.0013564006756410913
121,39996,0.11981198119811981,0.0125012501250125,0.008000800080008,0.006825682568256826,0.007125712571257126,0.06065606560656066,0.19841984198419843,0.46174617461746176,0.12313731373137314,0.0017751775177517752
122,39789,0.10920103546206238,0.012465756867475936,0.008168086657116288,0.006710397346000151,0.007439242001558219,0.062353916911709266,0.21121415466586244,0.45412048556133605,0.1282766593782201,5.026514865917716e-05
123,39907,0.10531986869471521,0.012579246748690705,0.007818177262134463,0.007066429448467687,0.0075425363971233115,0.06242012679479791,0.21828250682837597,0.45252712556694313,0.12501566141278472,0.001428320845966873
124,40128,0.10379286283891546,0.012684409888357256,0.007800039872408293,0.006902910685805423,0.007800039872408293,0.06369617224880383,0.22510466507177032,0.44956140350877194,0.12026515151515152,0.0023923444976076554
125,40517,0.10607892983192241,0.012439223042179827,0.007873238393760643,0.006984722462176371,0.007823876397561517,0.06298590715008515,0.22605326159389885,0.444800947750327,0.12310881852062097,0.001851074857467236
126,41205,0.114403591797112,0.012377138696760102,0.007911661206164301,0.006722485135299114,0.007766047809731828,0.06171581118796263,0.23213202281276543,0.42987501516806215,0.12384419366581725,0.0032520325203252032
127,41456,0.11368680046314164,0.012398687765341566,0.00779139328444616,0.007284832111153995,0.007333076032419915,0.06281358548822848,0.2324633346198379,0.43031165573137786,0.12191238903898109,0.004004245465071401
128,41635,0.11130058844721989,0.012657619791041191,0.0076858412393419,0.0066050198150594455,0.008286297586165486,0.06336015371682478,0.23672391017173053,0.42324966974900924,0.12602377807133422,0.0041071214122733275
129,41936,0.111288630293781,0.012805227012590615,0.007869133918351773,0.006414536436474628,0.008155284242655474,0.0622138496756963,0.2434185425410149,0.42140404425791683,0.12216234261732163,0.004268409004196871
130,41972,0.10635661869817974,0.012555989707423996,0.007385876298484704,0.007147622224340036,0.007695606594872772,0.06161250357381111,0.24664061755456018,0.41906509101305633,0.13044410559420566,0.0010959687410654721
131,41973,0.10023110094584614,0.012555690562980963,0.007576299049388893,0.006956853215162128,0.008267219402949515,0.06232578085912372,0.2531627474805232,0.4223191099039859,0.12660519858003955,0.0
132,42593,0.10720071373230343,0.012490315310027469,0.007677317869133425,0.0067147183809546165,0.008123400558777263,0.06294461531237527,0.25011152067241094,0.4160073251473247,0.1287300730166929,0.0
133,42537,0.10038319580600419,0.01229517831534899,0.00761689822977643,0.006935138820321133,0.008204621858617204,0.06481416178856055,0.2572818957613372,0.41105390601123726,0.12777111690998424,0.003643886498812798
134,305777,0.021849256157264935,0.05198232698993057,0.08043770460171955,0.10300316897608387,0.09264267750681052,0.1456813298580338,0.1383328373291647,0.10883421578470585,0.0846695467612018,0.048993220549616225
135,44008,0.11729685511725141,0.011816033448463915,0.007634975459007453,0.006748772950372659,0.00822577713143065,0.06389747318669332,0.257907653153972,0.39724595528085804,0.1258862025086348,0.003340301763315761
136,44005,0.11110101124872174,0.012203158731962278,0.007499147824110896,0.006953755255084649,0.008203613225769799,0.06503806385637996,0.2649926144756278,0.40372684922167934,0.1176684467674128,0.002613339393250767
137,44253,0.11043319097010372,0.012338146566334486,0.007411926875014124,0.00695998011434253,0.008180236368155831,0.06614240842428762,0.27082909633245206,0.3958827650102818,0.12026303301471086,0.0015592163243169956
138,44307,0.10571692960480285,0.011871713273297673,0.007673731013158192,0.00695149750603742,0.008689371882546777,0.0665131920464035,0.2802717403570542,0.3826483399914235,0.12747421400681608,0.002189270318459837
139,44433,0.10262642630477348,0.012220646816555263,0.007381900839466163,0.006751738572682466,0.008799765939729481,0.06794499583642788,0.2864087502531902,0.38133819458510565,0.12580739540431662,0.0007201854477527964
140,44985,0.10832499722129599,0.01178170501278204,0.007513615649660998,0.006668889629876626,0.008491719462042904,0.06771145937534734,0.28698455040569076,0.38090474602645324,0.12161831721685006,0.0
141,44954,0.10217110824398273,0.011656359834497487,0.007296347377319037,0.0072518574542866044,0.008786759798905548,0.06778039773991192,0.29797125950972103,0.374694131779152,0.12216932864706144,0.00022244961516216578
142,45682,0.11048115231382163,0.011601943872860208,0.007530318287290399,0.006873604483166236,0.008821855435401251,0.06652510835777768,0.292916247099514,0.37244428877895014,0.12173284882448229,0.0010726325467361323
143,45897,0.10893958210776303,0.012026929864697038,0.007712922413229623,0.006492799093622677,0.009041985314944332,0.06830511798156742,0.29383184086105846,0.3686951216855132,0.12351569819378173,0.001438002483822472
144,45952,0.10436977715877438,0.012164867688022284,0.0075295961002785515,0.006702646239554318,0.009161733983286909,0.06913736072423399,0.303904073816156,0.3616817548746518,0.12513057103064068,0.0002176183844011142
145,46122,0.10238064264342396,0.012315164129916309,0.007133255279476172,0.006808030874636833,0.00962664238324444,0.06959802263561858,0.31100125753436536,0.359915008022202,0.12120029487012705,2.1681626989289275e-05
146,46985,0.11335532616792593,0.012003831009896776,0.007172501862296478,0.006491433436203044,0.009769075236777695,0.06872406087049059,0.30488453761838885,0.35566670213898055,0.12193253165904012,0.0
147,47540,0.11832141354648718,0.011842658813630627,0.0071729070256626,0.006520824568784182,0.009865376525031552,0.06819520403870424,0.307362221287337,0.3484223811527135,0.12229701304164914,0.0
148,47558,0.11369275411077001,0.011796122629210648,0.006959922620799866,0.006938895664241558,0.009399049581563564,0.06957819925144035,0.3155094831574078,0.34080491189705203,0.1253206610875142,0.0
149,47993,0.11620444648177859,0.011793386535536432,0.0070010209822265745,0.0068760027504011,0.009647240222532452,0.06794740899714542,0.3154418352676432,0.35344737774258744,0.11164128102014877,0.0
150,48172,0.11409117329569045,0.011977912480279001,0.007224113592958565,0.006393755708710454,0.010088848293614549,0.06858756123889397,0.3181723822967699,0.34713111350992276,0.11633313958316034,0.0
151,48199,0.10946285192638851,0.012012697358866366,0.0072823087615925645,0.006514657980456026,0.010394406522956907,0.06937903276001577,0.3190315151766634,0.34965455714848853,0.11626797236457188,0.0
152,48103,0.10261314263143671,0.011828784067521777,0.007317630916990624,0.006797912812090722,0.010248841028626074,0.07057771864540673,0.32831632122736626,0.3532835789867576,0.10901606968380351,0.0
153,48800,0.11059426229508197,0.01139344262295082,0.007090163934426229,0.006782786885245902,0.010655737704918032,0.06985655737704918,0.3283606557377049,0.3579918032786885,0.09727459016393443,0.0
154,48738,0.10431285649800977,0.011490007796791005,0.007037629775534491,0.006852968935943207,0.011120686117608436,0.0716073700192868,0.33183552874553734,0.36232508514916495,0.09341786696212401,0.0
155,48805,0.09982583751664788,0.011556193013010961,0.007376293412560188,0.007007478741932179,0.011187378342382953,0.07146808728613871,0.33148243007888534,0.37012601167913123,0.08997028992931053,0.0
156,49489,0.10743801652892562,0.0114772979854109,0.007435995877871851,0.006789387540665603,0.010507385479601528,0.07096526500838571,0.3310836751601366,0.36994079492412457,0.08436218149487765,0.0
157,50625,0.12240987654320988,0.011358024691358024,0.0067555555555555554,0.006834567901234568,0.01082469135802469,0.07032098765432099,0.3220543209876543,0.3611456790123457,0.08829629629629629,0.0
158,49971,0.10620159692621721,0.011246522983330332,0.007024073962898481,0.006643853434992296,0.011386604230453663,0.07136138960597146,0.3319325208621,0.3701947129335014,0.08400872506053511,0.0
159,50666,0.11336991276201003,0.011309359333675443,0.0072435163620573955,0.006473769391702523,0.011921209489598548,0.07146804563217937,0.3344846642718983,0.3762286345872972,0.06750088816958118,0.0
160,50616,0.10753516674569306,0.011478583847004899,0.007132132132132132,0.006895052947684527,0.011281017859965228,0.07304014540856646,0.33692903429745535,0.40676861071597914,0.038940256045519206,0.0
161,50852,0.10678046094548888,0.011582631951545661,0.006804058837410525,0.007059702666561787,0.011543302131676238,0.07303547549752222,0.3334972075827893,0.41872492723983323,0.030972233147172186,0.0
162,50830,0.10143615974818021,0.01178437930356089,0.006787330316742082,0.006866024001573874,0.01207948062168011,0.07292937241786347,0.3369270116073185,0.4399960653157584,0.011194176667322447,0.0
163,51624,0.1102975360297536,0.011428792809545948,0.007070354873702154,0.006779792344645901,0.011893692856035953,0.07246629474662948,0.3337207500387417,0.4358825352549202,0.010460251046025104,0.0
164,51767,0.10840883188131435,0.010856337048698978,0.007398535746711225,0.00683833330113779,0.011899472637008133,0.07385013618714625,0.3342476867502463,0.43576023335329456,0.010740433094442406,0.0
165,51636,0.10136338988302734,0.010980711131768534,0.007049345417925478,0.0073204740878456895,0.012045859477883647,0.07527693856998993,0.34088620342396775,0.4359555348981331,0.009121543109458518,0.0
166,53491,0.12732983118655475,0.010917724477014825,0.0070105251350694505,0.006973135667682414,0.012357218971415751,0.07096520910059637,0.32857863939728177,0.4265390439513189,0.009328672113065749,0.0
167,52566,0.10759806719172088,0.01118593767834722,0.007076817714872731,0.00679146216185367,0.013202450253015257,0.07377392230719476,0.3383365673629342,0.43592816649545335,0.006106608834607921,0.0
168,52960,0.10912009063444109,0.011216012084592145,0.007231873111782477,0.006457703927492447,0.013387462235649546,0.07399924471299094,0.34027567975830814,0.4360271903323263,0.0022847432024169184,0.0
169,53129,0.1076060155470647,0.011029757759415762,0.006832426734928194,0.007208868979276854,0.013288411225507727,0.07459203071768714,0.34342825951928324,0.4327203598787856,0.003293869638050782,0.0
170,53515,0.1091469681397739,0.011398673269176866,0.007063440156965337,0.006671026814911707,0.013435485377931421,0.07476408483602728,0.34414650098103333,0.4328132299355321,0.0005605904886480426,0.0
171,54124,0.1145702461015446,0.011214987805779321,0.007094819303820856,0.006448156086024684,0.01402335378020841,0.07384893947232281,0.34234350750129333,0.43003103983445423,0.00042495011455177004,0.0
172,53480,0.09955123410620793,0.011293941660433807,0.007367240089753179,0.0062827225130890054,0.014902767389678384,0.07535527299925206,0.3475878833208676,0.437658937920718,0.0,0.0
173,55103,0.12126381503729379,0.01126980382193347,0.006660254432608025,0.006986915412953923,0.014373083135219499,0.07299058127506669,0.3349726875124766,0.43148285937244796,0.0,0.0
174,53758,0.09473938762602775,0.01170058409911083,0.006640872056252092,0.0071989285315673945,0.015737192603891514,0.07680717288589606,0.3491759366047844,0.43799992559247,0.0,0.0
175,54229,0.09845285732726032,0.01102731011082631,0.007191723985321507,0.006933559534566376,0.016061516900551364,0.07752309649818363,0.3470099024507183,0.43580003319257227,0.0,0.0
176,54861,0.10433641384590146,0.010809135815971272,0.007601028052715043,0.00628862033138295,0.015931171506170138,0.07714040939829751,0.34230145276243595,0.43444341153096006,0.001148356756165582,0.0
177,54258,0.08981164067971543,0.011224151277231007,0.007187880128276015,0.006929853662132773,0.016513693833167458,0.07901139002543403,0.34923882192487743,0.43761288657893765,0.002469681890228169,0.0
178,55230,0.10121310881767155,0.011388738004707586,0.0064457722252399055,0.007242440702516748,0.016295491580662683,0.0770776751765345,0.34439616150642766,0.43300742350172006,0.002933188484519283,0.0
179,56078,0.11029280644816149,0.01118085523734798,0.006401797496344378,0.007222083526516637,0.01606690680837405,0.07596561931595278,0.34548307714255144,0.42579977887941795,0.0015870751453332858,0.0
180,56439,0.1116780949343539,0.010772692641613069,0.006839242367866192,0.0071404525239639255,0.01571608285051117,0.07585180460319992,0.34635624302344126,0.4250252484983788,0.000620138556671805,0.0
181,56415,0.1069928210582292,0.010724098200833112,0.006930780820703713,0.00709031286005495,0.016236816449525834,0.07593725073118851,0.3523353717982806,0.42375254808118407,0.0,0.0
182,56955,0.11082433500131683,0.011184268281977,0.006636818540953385,0.006952857519094022,0.01636379597928189,0.07560354665964358,0.35264682644192785,0.41976999385479763,1.7557721007813185e-05,0.0
183,56428,0.09862125186077833,0.01107606152973701,0.006751967108527681,0.007124122775926845,0.017260934287942155,0.07714255334231233,0.3627986106188417,0.41922449847593396,0.0,0.0
184,57831,0.11607961128114679,0.010962978333419792,0.006536286766613063,0.007176082032128097,0.016358008680465493,0.07551313309470699,0.3572132593245837,0.41016064048693607,0.0,0.0
185,56864,0.09695061902082161,0.010973550928531233,0.006911226786719189,0.007104670793472144,0.017181344963421497,0.07772931907709622,0.3679305008441193,0.41521876758581877,0.0,0.0
186,58653,0.12024960360083883,0.010877533970981876,0.006529930267846487,0.00663222682556732,0.01715172284452628,0.07464238828363426,0.35742417267658944,0.4064924215300155,0.0,0.0
187,58932,0.12000271499355189,0.010690287110568112,0.0068044525894251,0.0067026403312292135,0.016968709699314462,0.0749677594515713,0.36063598723953033,0.40322744858480963,0.0,0.0
188,60167,0.13415992155168116,0.010454235710605482,0.006398856516030382,0.007096913590506424,0.016287998404440972,0.07374474379643325,0.36460185816145063,0.3872554722688517,0.0,0.0
189,59392,0.11861866918103449,0.010759024784482759,0.0065328663793103444,0.007408405172413793,0.016820447198275863,0.07563308189655173,0.37306371228448276,0.3911637931034483,0.0,0.0
190,58571,0.10223489440166636,0.010739102969046115,0.007000051219886975,0.007000051219886975,0.01770500759761657,0.07821276741049325,0.38401256594560446,0.3930955592357993,0.0,0.0
191,60999,0.13395301562320694,0.010213282184953851,0.0067869965081394775,0.0067050279512778895,0.017246184363678092,0.07424711880522632,0.3689896555681241,0.38185871899539336,0.0,0.0
192,59182,0.10327464431752897,0.010476158291372377,0.007012267243418607,0.007062958331925248,0.017927748301848536,0.07782771788719543,0.38376533405427327,0.39265317157243756,0.0,0.0
193,59600,0.10535234899328859,0.010436241610738256,0.006795302013422819,0.0074832214765100675,0.01761744966442953,0.07830536912751677,0.38588926174496646,0.3881208053691275,0.0,0.0
194,60663,0.1166773815999868,0.010830324909747292,0.006445444504887658,0.007467484298501558,0.017209831363434052,0.07724642698185055,0.3793745775843595,0.3847485287572326,0.0,0.0
195,59824,0.10027748060978871,0.010881920299545333,0.006485691361326558,0.007705937416421503,0.018236828028884728,0.07904854239101364,0.3901444236426852,0.3872191762503343,0.0,0.0
196,60451,0.10592049759309193,0.010239698268018725,0.007030487502274569,0.007278622355296025,0.018692825594282973,0.07811285173115416,0.3937403847744454,0.3789846321814362,0.0,0.0
197,60444,0.101697438951757,0.01037323803851499,0.007014757461451923,0.007362186486665343,0.018711534643637086,0.07863476937330421,0.4063926940639269,0.3698133809807425,0.0,0.0
