,0,1,2,3,4,5,6,7,8,9
0,1449,0.1973775017253278,0.02139406487232574,0.026915113871635612,0.022774327122153208,0.04485852311939269,0.05659075224292615,0.2532781228433402,0.26017943409247757,0.11663216011042098
1,2982,0.15593561368209255,0.018443997317236754,0.014084507042253521,0.018108651911468814,0.022132796780684104,0.03856472166331321,0.15023474178403756,0.3608316566063045,0.221663313212609
2,3831,0.13416862438005742,0.021665361524406162,0.011224223440355,0.01357347950926651,0.024797702949621508,0.03576089793787523,0.1482641607935265,0.5097885669537979,0.1007569825110937
3,4041,0.14154912150457807,0.02128186092551349,0.011630784459292255,0.01435288294976491,0.024746349913387776,0.03959415986142044,0.19054689433308586,0.5124969067062608,0.04380103934669636
4,4102,0.13676255485129205,0.020965382740126767,0.014383227693807898,0.013164310092637738,0.026572403705509506,0.04144319843978547,0.24061433447098976,0.48196001950268164,0.024134568503169185
5,4188,0.14326647564469913,0.02148997134670487,0.014087870105062083,0.014804202483285577,0.027698185291308502,0.04560649474689589,0.2681470869149952,0.4477077363896848,0.017191977077363897
6,4222,0.14211274277593558,0.02297489341544292,0.013027001421127428,0.013737565135007106,0.0310279488394126,0.05352913311226907,0.30151586925627666,0.40928469919469446,0.012790146849834202
7,4270,0.1433255269320843,0.020843091334894613,0.016627634660421546,0.014285714285714285,0.03208430913348946,0.06768149882903982,0.3323185011709602,0.3627634660421546,0.010070257611241218
8,4319,0.14146793239175734,0.02384811298911785,0.01620745542949757,0.011345218800648298,0.035887937022458904,0.08011113683723084,0.3736976151887011,0.3095623987034036,0.007872192637184533
9,4353,0.14334941419710545,0.020445669653112796,0.014243050769584195,0.01562141052147944,0.03537790029864461,0.08752584424534804,0.425223983459683,0.25063174821961864,0.007580978635423846
10,4586,0.12407326646314872,0.017662450937636284,0.016136066288704752,0.0113388573920628,0.03205407762756215,0.1229829917139119,0.42128216310510247,0.24880069777583952,0.0056694286960314
11,5320,0.11954887218045113,0.015601503759398496,0.012593984962406015,0.009586466165413534,0.029699248120300753,0.1018796992481203,0.37236842105263157,0.3355263157894737,0.0031954887218045114
12,6230,0.10240770465489567,0.013964686998394864,0.011075441412520063,0.01187800963081862,0.03130016051364366,0.08025682182985554,0.3621187800963082,0.385553772070626,0.0014446227929373998
13,7183,0.09967979952666017,0.013504106919114576,0.007935403034943616,0.01155506055965474,0.02798273701795907,0.06376165947375749,0.345538076012808,0.4296255046637895,0.00041765279131282193
14,8159,0.0973158475303346,0.013114352249050129,0.009314867018016914,0.010172815295992156,0.025370756220125017,0.05539894594925849,0.3692854516484863,0.42002696408873635,0.0
15,9153,0.08336064678247569,0.013328963181470557,0.007757019556429586,0.007866273352999017,0.023271058669288757,0.05932481153720092,0.38337157216213263,0.4213918933682945,0.00032776138970829236
16,10116,0.08165282720442862,0.012850929221035983,0.008501383946223804,0.008501383946223804,0.022340846184262554,0.055357848952155,0.3718861209964413,0.43386714116251485,0.0050415183867141165
17,11017,0.08114731778161025,0.011164563855859127,0.009258418807297813,0.0064445856403739675,0.022329127711718254,0.05645820096214941,0.38749205772896433,0.4173549968230916,0.008350730688935281
18,11881,0.07583536739331706,0.010352663917178689,0.008669303930645569,0.008500967931992256,0.02129450382964397,0.06060095951519232,0.36267990909856074,0.4377577644979379,0.014308559885531522
19,12818,0.07473864877515993,0.010610079575596816,0.007879544390700577,0.00904977375565611,0.020752067405211422,0.05500078015290997,0.3537993446715556,0.4509283819628647,0.017241379310344827
20,13665,0.07047200878155872,0.009806073911452617,0.00739114526161727,0.007098426637394804,0.019612147822905233,0.06117819246249542,0.36480058543724847,0.44354189535309185,0.01609952433223564
21,14589,0.07162930975392419,0.010487353485502776,0.007197203372403866,0.007060113784358078,0.02028925903077661,0.060113784358078,0.3612310645006512,0.44149701830146,0.020494893412845293
22,15408,0.0702232606438214,0.00902128764278297,0.007723260643821391,0.006879543094496366,0.019535306334371755,0.056529075804776736,0.36662772585669784,0.4488577362409138,0.014602803738317757
23,16125,0.06517829457364341,0.00986046511627907,0.006883720930232558,0.0066356589147286826,0.019162790697674417,0.05333333333333334,0.3662015503875969,0.4643720930232558,0.008372093023255815
24,16894,0.0678347342251687,0.009234047590860661,0.006392802178288149,0.007872617497336332,0.017816976441340122,0.05345092932402036,0.3565762992778501,0.4655498993725583,0.015271694092577247
25,17497,0.06726867462993656,0.009944561924901412,0.006229639366748586,0.007429845116305653,0.018403154826541694,0.052523289706806885,0.35651826027318967,0.4692804480768132,0.012402126078756359
26,17829,0.06130461607493409,0.009647203993493746,0.007796286948230411,0.006113635088900107,0.019238319591676482,0.05631274889225419,0.36984687868080096,0.46598238824387234,0.0037579224858376803
27,18243,0.06369566409033602,0.010195691498108863,0.005646001205942005,0.00657786548265088,0.01885654771693252,0.05920078934385792,0.37428054596283505,0.45869648632352134,0.0028504083758153814
28,18645,0.060069723786537944,0.009117725931885224,0.006221507106462859,0.006811477607937785,0.01887905604719764,0.06253687315634218,0.38020917135961385,0.45443818718155,0.0017162778224725128
29,19291,0.060390855839510656,0.008553211342076617,0.006013166761702348,0.007620133741122803,0.018557876730081385,0.06101290757347986,0.37851848012026335,0.4589186667357835,0.0004147011559794723
30,19925,0.05671267252195734,0.008983688833124216,0.006273525721455458,0.006323713927227101,0.01846925972396487,0.0621831869510665,0.3837892095357591,0.4565621079046424,0.0007026348808030113
31,20698,0.05638225915547396,0.008599864721229105,0.0061841723838051985,0.0071021354720262825,0.018359261764421684,0.06044062228234612,0.38462653396463425,0.45704899024060297,0.001256160015460431
32,21543,0.05653808661746275,0.008308963468412013,0.0060344427424221326,0.005988023952095809,0.01833542217889802,0.05769855637562085,0.3854616348697953,0.4511906419718702,0.010444227823422922
33,22262,0.05430778905758692,0.008534722846105472,0.005884466804420088,0.0060192255862007,0.017653400413260262,0.0580361153535172,0.3835684125415506,0.4461414068816818,0.01985446051567694
34,23009,0.05297926898170281,0.008257638315441783,0.005867269329392846,0.006345343126602634,0.01716719544526055,0.061628058585770785,0.38480594549958713,0.4362206093267852,0.0267286713894563
35,23818,0.05080191451843144,0.008397010664203543,0.005584012091695356,0.006045847678226551,0.01725585691493828,0.06222184902174826,0.3829456713410026,0.43878579225795616,0.0279620455117978
36,297236,0.040294580737192,0.03737770660350698,0.04291875815850032,0.04940518645117011,0.08416880862345072,0.06405011506008694,0.07111184378742817,0.07744351289884133,0.07569406128463578
37,27018,0.04811607076763639,0.008364793841142942,0.006107039751276927,0.00555185431934266,0.015286105559256791,0.06528980679546968,0.3755644385224665,0.47446147013102374,0.0012584203123843364
38,27728,0.04396278130409694,0.008042412002308137,0.005626081938834391,0.0062031159838430465,0.015940565493364107,0.0684867282169648,0.4347590882862089,0.41629399884593193,0.0006852279284477785
39,28611,0.045192408514207826,0.008143720946489113,0.005242738806752648,0.005732061095382894,0.01639229666911328,0.0667225892139387,0.44231239732969835,0.40980741672783194,0.00045437069658522944
40,29462,0.045278664041816574,0.007908492295159867,0.005668318511981536,0.005871970674088656,0.016258230941551828,0.06893625687326047,0.45804765460593305,0.392030412056208,0.0
41,30218,0.04494010192600437,0.007114964590641339,0.0057912502481964395,0.005294857369779602,0.017638493613078298,0.06959428155404064,0.46078496260506985,0.3885101595075783,0.0003309285856112251
42,30975,0.04274414850686037,0.007037933817594834,0.005649717514124294,0.005552865213882163,0.01775625504439064,0.06947538337368846,0.46902340597255854,0.3817594834543987,0.0010008071025020178
43,31800,0.043207547169811324,0.007389937106918239,0.005094339622641509,0.005974842767295598,0.01720125786163522,0.06943396226415094,0.4711949685534591,0.3804716981132075,3.144654088050314e-05
44,32541,0.040687133155096644,0.006852893273101626,0.005285639654589594,0.005808057527426938,0.01699394609876771,0.0709566393165545,0.45877508374051196,0.394640607233951,0.0
45,33269,0.03853437133667979,0.006913342751510415,0.005350326129429799,0.005620848237097598,0.017223240854849862,0.0732814331660104,0.47188072980853046,0.3811957077158917,0.0
46,34079,0.03849878224126295,0.006660993573755099,0.005663311716893101,0.005457906628715631,0.016168314797969423,0.07239062179054549,0.46791279086827664,0.3831098330350069,0.004137445347574753
47,34869,0.03914651983136884,0.006510080587341191,0.004990105824658006,0.005936505205196593,0.016346898391121054,0.0730448249161146,0.46235911554676073,0.38134159281883623,0.01032435687860277
48,35642,0.039279501711464,0.006958083160316481,0.004629369844565401,0.005471073452668201,0.016216822849447282,0.07496773469502273,0.46509735705067057,0.37615734246114135,0.011222714774704
49,36355,0.03721633888048412,0.0060789437491404206,0.0053087608306972905,0.00525374776509421,0.016668958877733463,0.08097923256773484,0.4653555219364599,0.36732223903177,0.01581625636088571
50,37211,0.037703904759345354,0.006637822149364436,0.005240385907392975,0.004944774394668243,0.01639300206928059,0.08099755448657656,0.4573916315068125,0.36908441052376983,0.021606514202789497
51,37998,0.03763355966103479,0.00681614821832728,0.004816042949628928,0.005473972314332333,0.015632401705352912,0.07926732985946629,0.46107689878414654,0.3608610979525238,0.028422548555187114
52,38715,0.03732403461190753,0.007025700632829653,0.0048559989668087306,0.004778509621593698,0.01588531576908175,0.07810925997675319,0.46188815704507297,0.3628826036419992,0.027250419733953247
53,39490,0.03816155988857939,0.006406685236768802,0.005368447708280578,0.004684730311471258,0.015295011395289947,0.0799696125601418,0.465915421625728,0.356672575335528,0.027525955938212207
54,40126,0.03745701041718586,0.006180531326322085,0.005059063948562029,0.005108906943129143,0.015825150775058566,0.08458356178039177,0.46864875641728554,0.35430892688032695,0.022828091511738025
55,40838,0.03653460012733239,0.006635976296586512,0.004946373475684412,0.0047015035016406284,0.01576962632841961,0.08986728047406826,0.4632450168960282,0.3558695332778295,0.0224300896224105
56,41444,0.035759096612296114,0.0064665572821156255,0.004656886400926551,0.004994691632081845,0.015732072193803688,0.09784287230962262,0.47671556799536724,0.33681594440691054,0.021016311166875783
57,42179,0.03511225965527869,0.006211621897152611,0.004717987624173167,0.005215865715166315,0.015623888664975463,0.10509969416060125,0.47462007159961117,0.3357120842125228,0.017686526470518504
58,42956,0.03440730049352826,0.006075984728559456,0.004935282614768601,0.005074960424620542,0.0160862277679486,0.10338485892541205,0.4709702951857715,0.3438402085855294,0.015224881273861625
59,43714,0.03440545363041588,0.006336642723155053,0.004666697167955346,0.004712449100974517,0.016516447819920392,0.10662487990117582,0.4762089948300316,0.33254792514983755,0.017980509676533835
60,44543,0.03587544619805581,0.0064207619603529175,0.0045349437622073056,0.0050063983117437085,0.016029454684237703,0.10261994028242373,0.466246099274858,0.33890847046674,0.024358485059380822
61,45220,0.03343653250773994,0.005948695267580717,0.00475453339230429,0.005042016806722689,0.017049977885891198,0.1089562140645732,0.47689075630252103,0.3182441397611676,0.029677134011499337
62,45991,0.035224283011893634,0.005718510143288905,0.005066208606031615,0.005153182144332587,0.01663368920006088,0.10756452349372703,0.48078971972777285,0.30366810897784347,0.04018177469504903
63,46636,0.03383652114246505,0.006218372073076593,0.004717385710609829,0.004953254996140321,0.016682391285702033,0.10860708465563085,0.48417531520713614,0.29355004717385713,0.04725962775538211
64,47276,0.03367459175903207,0.006134190709873932,0.0045266096962517976,0.004695828750317286,0.01690075302479059,0.10959048988916152,0.4911159996615619,0.28130552500211525,0.05205601150689568
65,47906,0.032647267565649396,0.005719534087588194,0.00482194297165282,0.004696697699661838,0.016908111718782617,0.11889951154343924,0.5047384461236588,0.2534546820857513,0.05811380620381581
66,48563,0.03265860840557626,0.006259909807878426,0.004674340547330272,0.004715524164487367,0.016535222288573605,0.12017379486440294,0.49379156971356797,0.2562444659514445,0.06494656425673867
67,49113,0.030602895363752977,0.006210168387188728,0.004418382098426078,0.004825606254963044,0.017734612017184858,0.12399975566550608,0.5059149308736994,0.2343575020870238,0.071936147252255
68,49842,0.032382328156976045,0.0061594639059427796,0.004092933670398459,0.004614582079370812,0.017535411901609083,0.12242686890574214,0.5052766742907588,0.23022751895991334,0.07728421812928855
69,50477,0.032470233967945794,0.006299898963884542,0.004199932642589694,0.0045367196941181135,0.017295005646135862,0.12500742912613666,0.5019711948015928,0.22949065911207084,0.07872892604552569
70,51069,0.032426716794924516,0.005776498462863968,0.00466036147173432,0.004601617419569602,0.017486146194364487,0.1285907301885684,0.5054338248252365,0.23384049031702206,0.06718361432571619
71,51809,0.033893725028469955,0.0058677063830608585,0.0048833214306394646,0.004477986450230655,0.017004767511436238,0.1255959389295296,0.49908317087764675,0.24439769152077825,0.06479569186820823
72,52288,0.0318046205630355,0.0057183292533659735,0.004379589963280294,0.004800336597307222,0.018034730722154224,0.142843482252142,0.4967105263157895,0.2524479804161567,0.043260403916768664
73,52866,0.03196761623727916,0.005712556274354027,0.004407369575908902,0.005163999546022018,0.018102372034956304,0.1430408958498846,0.494722505958461,0.25742443158173495,0.03945825294139901
74,53361,0.0305466539232773,0.005884447442889002,0.003935458480913027,0.004984914075823166,0.019133824328629524,0.15350162103408857,0.4981728228481475,0.2517381608290699,0.03210209703716197
75,54006,0.03164463207791727,0.005740102951523904,0.004480983594415435,0.00453653297781728,0.019146020812502315,0.15137206977002554,0.4951857201051735,0.25543458134281377,0.032459356367810985
76,54528,0.031158303990610328,0.0054467429577464786,0.004584800469483568,0.004456426056338028,0.019622946009389672,0.15674515845070422,0.4893632629107981,0.25234741784037557,0.03627494131455399
77,55003,0.03008926785811683,0.0056178753886151666,0.0044906641455920585,0.004290675054087959,0.019926185844408487,0.16631820082540952,0.48997327418504444,0.2509317673581441,0.028362089340581424
78,55549,0.03000954112585285,0.005094601162937227,0.004320509820158779,0.00502259266593458,0.019838340924229057,0.17217231633332733,0.48837962879619795,0.2491674017534069,0.02599506741795532
79,56177,0.030261494917848943,0.005429268205849369,0.0046282286344945444,0.00482403830749239,0.019687772575965254,0.16743507129252186,0.48712106378055076,0.2552112074336472,0.02540185485162967
80,56688,0.0298652272085803,0.005997742026531188,0.00407493649449619,0.0050980807225515104,0.01949266158622636,0.1719058707310189,0.48756350550381033,0.25035280835450185,0.025649167372283375
81,57342,0.030780230895329774,0.005999093160336228,0.004290049178612535,0.004760908234801716,0.020194621743224863,0.17010219385441736,0.4842698196784207,0.25539743992187225,0.02420564333298455
82,96798,0.42198185912932085,0.0039773549040269425,0.0036880927291886197,0.009845244736461497,0.14821587222876506,0.20889894419306185,0.18750387404698443,0.01588875803219075,0.0
83,58875,0.029690021231422507,0.00608067940552017,0.003957537154989384,0.004925690021231423,0.023660297239915074,0.18615711252653927,0.4830743099787686,0.2620976645435244,0.000356687898089172
84,59365,0.03176956118925293,0.0057778152109829025,0.004093320980375642,0.005087172576433926,0.02331340015160448,0.18497431146298324,0.48014823549229346,0.2648024930514613,3.36898846121452e-05
85,71761,0.04081604213988099,0.12432937110686863,0.03614776828639512,0.0073438218530956926,0.021641281476010646,0.17508117222446734,0.3974582294003707,0.1971823135129109,0.0
86,62196,0.06585632516560551,0.005370120264968808,0.004550131841275966,0.004517975432503698,0.02820117049327931,0.21974081934529552,0.4707859026303942,0.20097755482667695,0.0
87,61291,0.047086847987469614,0.005530991499567636,0.0043888988595389205,0.0050904700526994175,0.031538072473935815,0.23700053841510174,0.46688747124373886,0.202476709467948,0.0
88,60900,0.03628899835796388,0.005894909688013136,0.004285714285714286,0.005057471264367816,0.03155993431855501,0.2419376026272578,0.4717733990147783,0.20320197044334976,0.0
89,60824,0.030925292647639088,0.005803630145995002,0.004274628436143627,0.005261081152176772,0.031911745363672236,0.24141786137051163,0.4757825858213863,0.20462317506247535,0.0
90,61077,0.03074807210570264,0.005763216922900601,0.004584377097761842,0.005255660887076969,0.032827414575044615,0.2387641829166462,0.48635329174648395,0.19570378374838318,0.0
91,61364,0.03133759207352845,0.005768854703083241,0.004432566325532886,0.005345153510201421,0.03374942963300958,0.23971709797275276,0.4852356430480412,0.19441366273385047,0.0
92,61555,0.03041182682154171,0.006124604012671594,0.004142636666395906,0.00544228738526521,0.03484688489968321,0.24201120948745025,0.5037121273657704,0.17330842336122168,0.0
93,61828,0.031506760690949084,0.005790256841560458,0.004172866662353626,0.00557999611826357,0.036860322184123696,0.2495471307498221,0.5104321666558841,0.15611050009704341,0.0
94,61992,0.030600722673893407,0.005565234223770809,0.0049038585623951475,0.005049038585623952,0.03719834817395793,0.25611369208930185,0.5039843850819461,0.15658472060911086,0.0
95,62043,0.02823847976403462,0.005931370178746998,0.004545234756539819,0.005480070273842335,0.038731202553068035,0.2738100994471576,0.509856067566043,0.13340747546056766,0.0
96,62336,0.029790169404517453,0.005614733059548255,0.0042671971252566734,0.005999743326488706,0.03705723819301848,0.2621438655030801,0.5270148870636551,0.1281121663244353,0.0
97,62530,0.029809691348152888,0.005661282584359507,0.004461858308012154,0.005565328642251719,0.039437070206300974,0.2634575403806173,0.5433871741564049,0.10822005437390053,0.0
98,62700,0.029393939393939392,0.005933014354066985,0.004258373205741627,0.0058692185007974485,0.040494417862838916,0.2731738437001595,0.5520095693779904,0.0888676236044657,0.0
99,62833,0.028790603663679915,0.005904540607642481,0.0044403418585774995,0.005824964588671558,0.045421991628602804,0.2788502856779081,0.5325386341572104,0.09822863781770726,0.0
100,63002,0.028745119202565,0.005904574457953716,0.004603028475286499,0.005809339386051236,0.04841116155042697,0.2826576934065585,0.5252849115901083,0.0985841719310498,0.0
101,63215,0.029154472830815473,0.0059163173297476866,0.004856442300087005,0.0056790318753460415,0.04952938384877007,0.2806928735268528,0.5060349600569485,0.11813651823143241,0.0
102,63450,0.03029156816390859,0.005437352245862884,0.004885736800630418,0.00591016548463357,0.05002364066193853,0.2834830575256107,0.5209613869188338,0.09900709219858156,0.0
103,63630,0.030315888731730314,0.005924878202105925,0.004683325475404683,0.005972025774005972,0.05143800094295144,0.2863114882916863,0.5384252710985384,0.07692912148357693,0.0
104,63782,0.030400426452604185,0.005848044902950675,0.004656486155968769,0.005942115330343984,0.052663760935687184,0.29603963500674174,0.5420494810448089,0.06240005017089461,0.0
105,63908,0.03007448206797271,0.005992989923014333,0.004569068035300745,0.006258997308631158,0.05348313200225324,0.29711460224072106,0.549227013832384,0.05327971458972273,0.0
106,63996,0.029251828239264956,0.006016001000062504,0.004547159197449841,0.006250390649415589,0.05494093380836302,0.296909181823864,0.5673323332708294,0.03475217201075067,0.0
107,64075,0.028294966835739368,0.005961763558330082,0.004728833398361295,0.00647678501755755,0.05961763558330082,0.3094030433086227,0.5549902458056964,0.03052672649239173,0.0
108,64241,0.028704409956258465,0.006055322924612008,0.0048722778288009215,0.006164287604489345,0.06125371647390296,0.31374044613253216,0.5542254946218147,0.02498404445758939,0.0
109,64493,0.029832695021165086,0.00618671793838091,0.004667173181585598,0.006388290202037431,0.05909168436884623,0.3058161350844278,0.551501713364241,0.036515590839315895,0.0
110,64577,0.02929835700017034,0.006163185034919553,0.004707558418632021,0.0063490097093392385,0.06189510197129009,0.30918128745528595,0.5497313284915682,0.03267417191879462,0.0
111,64681,0.029081183036749586,0.005921367944218549,0.004839133594100277,0.006586169045005488,0.06508866591425612,0.31966110604350584,0.5477033441041419,0.021119030318022293,0.0
112,64828,0.029092367495526624,0.0061084716480533105,0.0047356080705867835,0.006987721354970075,0.06555809218239032,0.3218362435984451,0.5473252298389585,0.01835626581106929,0.0
113,65001,0.029845694681620284,0.005999907693727788,0.004799926154982231,0.006753742250119229,0.06619898155412994,0.3214104398393871,0.5511915201304596,0.013799787695573914,0.0
114,65161,0.030478353616427003,0.0058010159451205474,0.005002992587590737,0.00682923834809165,0.06744832031429843,0.32168014609966084,0.5534138518438944,0.009346081244916437,0.0
115,65183,0.02899529018302318,0.006121227927527116,0.004817206940459936,0.00716444471718086,0.07014098768083703,0.327063804979826,0.5480263258825154,0.007670711688630471,0.0
116,65315,0.029334762305749062,0.005940442471101585,0.004914644415524765,0.007134655132817883,0.0721273826839164,0.33479292658654214,0.5355278266860599,0.010227359718288295,0.0
117,65463,0.02957395780822755,0.005988115423979958,0.005102118754105373,0.007301834624138827,0.07364465423216168,0.3352733605242656,0.5342865435436812,0.008829415089439836,0.0
118,65574,0.029600146399487604,0.006191478329825846,0.004727483453807912,0.007457223899716351,0.0766614816848141,0.33883856406502577,0.5312623905816329,0.00526123158568945,0.0
119,65697,0.029712163416898793,0.00622555063397111,0.0049773962281382715,0.007214941321521531,0.080856051265659,0.34634762622341964,0.5245901639344263,7.6106975965417e-05,0.0
120,65802,0.0296495547247804,0.006352390504847877,0.004756694325400444,0.007537764809580256,0.08328014346068509,0.3509923710525516,0.5173854898027416,4.5591319412783804e-05,0.0
121,65903,0.029619288954979287,0.0063123074822087006,0.004749404427719527,0.007602081847563844,0.08521615100981746,0.35421756217471134,0.5122680302869369,1.5173816063001685e-05,0.0
122,66086,0.03076294525315498,0.006143509971854855,0.005038888720757801,0.007429712798474715,0.08466240958750719,0.34939321490179465,0.514829162001029,0.001740156765426868,0.0
123,66194,0.030607003655920475,0.006450735716228057,0.005000453213282171,0.007598876031060217,0.08704716439556455,0.34889869172432547,0.5139287548720428,0.0004683203915762758,0.0
124,66277,0.03077990856556573,0.005974923427433348,0.005069631999034356,0.0076497125699714836,0.08918629388777403,0.3517358963139551,0.5094980159029527,0.00010561733331321575,0.0
125,66402,0.030842444504683594,0.00635523026414867,0.005150447275684467,0.007590132827324478,0.09076533839342188,0.3575042920393964,0.5017770549079847,1.5059787355802536e-05,0.0
126,66403,0.029682393867746938,0.006204538951553393,0.00499977410659157,0.007861090613375902,0.09406201527039441,0.36233302712226856,0.49485716006806924,0.0,0.0
127,66535,0.030149545352070338,0.006222289020816112,0.005140151799804614,0.007845494852333358,0.09462688810400541,0.36340272037273613,0.492612910498234,0.0,0.0
128,66664,0.03079623184927397,0.0061202448097923915,0.005100204008160326,0.008040321612864514,0.09661886475459018,0.3619944797791912,0.4913296531861274,0.0,0.0
129,66761,0.030781444256377227,0.0062311828762301345,0.005152708916882611,0.008088554695106425,0.09848564281541619,0.3639550036698072,0.4873054627701802,0.0,0.0
130,66844,0.030548740350667226,0.006223445634611933,0.005310873077613548,0.008063550954461133,0.10294117647058823,0.3674675363533002,0.4794446771587577,0.0,0.0
131,66901,0.030238710931077262,0.006262985605596329,0.005246558347408858,0.008280892662292044,0.10821960807760721,0.3709212119400308,0.4708300324359875,0.0,0.0
132,67011,0.030636761128769903,0.006058706779483966,0.005387175239885989,0.00837175986032144,0.1102804017250899,0.3763561206369104,0.46290907462953845,0.0,0.0
133,67247,0.030796912873436732,0.006305113982779901,0.005293916457239728,0.008847978348476513,0.11859265097327762,0.3845078590866507,0.4456555682781388,0.0,0.0
134,67441,0.032235583695378184,0.006212837887931673,0.005486276893877612,0.008674248602482169,0.11567147580848446,0.3792351833454427,0.4524843937664032,0.0,0.0
135,67293,0.029156078641166244,0.006330524720253221,0.0055132034535538615,0.009139137800365566,0.12672937749840252,0.3959698631358388,0.4271618147504198,0.0,0.0
136,67319,0.02850606812341241,0.006432062270681382,0.005332818372227752,0.009402991725961467,0.13259258158915016,0.4006595463390722,0.41707393157949463,0.0,0.0
137,67469,0.0293912759934192,0.006432583853325231,0.005424713572159066,0.009500659562169292,0.13016348248825385,0.3968933880745231,0.42219389645615024,0.0,0.0
138,67579,0.029920537445064295,0.006348125897098211,0.0055638585951257044,0.009189245179715592,0.12937450983293627,0.3971204072270972,0.4224833158229628,0.0,0.0
139,67635,0.029733126339912767,0.006268943594292896,0.005603607599615584,0.009521697346048644,0.1337473201744659,0.3977674281067495,0.4173578768389148,0.0,0.0
140,67726,0.029870359979919086,0.006511531760328382,0.005330301509021646,0.009789445707704575,0.13557570209373063,0.397986002421522,0.4149366565277737,0.0,0.0
141,67815,0.030214554302145542,0.006208066062080661,0.00563297205632972,0.00985032809850328,0.13635626336356263,0.40168104401681043,0.41005677210056773,0.0,0.0
142,67871,0.029983350768369405,0.006247145319797852,0.005864065653961191,0.009915869811848948,0.13954413519765438,0.404325853457294,0.40411957979107427,0.0,0.0
143,67948,0.030037675869782773,0.006313651615941602,0.005754400423853535,0.009992935774415729,0.1429475481250368,0.40832695590745866,0.3966268322835109,0.0,0.0
144,68013,0.030053078088012587,0.00624880537544293,0.005837119374237278,0.01008630702953847,0.14495758163880434,0.41071559848852424,0.39210151000544013,0.0,0.0
145,68098,0.03017709771212077,0.006446591676701224,0.005624247408147082,0.010352726952333403,0.14269141531322505,0.40877852506681545,0.395929395870657,0.0,0.0
146,68133,0.029809343489938796,0.006340539826515786,0.00595893326288289,0.01043547179780723,0.14819544126928214,0.41426327917455563,0.38499699117901753,0.0,0.0
147,68198,0.029736942432329393,0.006334496612803895,0.0060705592539370655,0.010542831168069445,0.1505909264201296,0.4158186457080853,0.3809055984046453,0.0,0.0
148,68233,0.02948719827649378,0.006331247343660692,0.005788987733208272,0.010889159204490496,0.157299254026644,0.41878563158588955,0.3714185218296132,0.0,0.0
149,68371,0.03037837679718009,0.0063623466089423875,0.005806555410919834,0.01110119787629258,0.15667461350572612,0.41649237249711135,0.37318453730382767,0.0,0.0
150,68486,0.030955231726192214,0.006614490552813714,0.005709196040066583,0.010951143299360453,0.1566451537540519,0.4144058639721987,0.3747189206553164,0.0,0.0
151,68529,0.030687738037910958,0.006479008886748676,0.00593909147951962,0.011338265551810183,0.16120182696376717,0.41140247194618335,0.37295159713406,0.0,0.0
152,68560,0.030250875145857642,0.0065781796966161024,0.0059364060676779466,0.011843640606767795,0.16654025670945158,0.41725495915986,0.36159568261376895,0.0,0.0
153,68640,0.030536130536130537,0.00659965034965035,0.005914918414918415,0.011888111888111888,0.16655011655011656,0.4181381118881119,0.36037296037296035,0.0,0.0
154,68668,0.030232422671404437,0.00652414516222986,0.006058134793499155,0.012072581114929808,0.17047241801130075,0.41453078580998426,0.36010951243665174,0.0,0.0
155,68708,0.029821854805845024,0.006694999126739244,0.006040053559993014,0.012240204925190661,0.17038772777551378,0.41513360889561624,0.35968155091110204,0.0,0.0
156,68789,0.030048408902586168,0.006643504048612424,0.0062946110570003926,0.012124031458518076,0.1716262774571516,0.4121298463417116,0.3611333207344197,0.0,0.0
157,68816,0.029804115322018137,0.006510113926993723,0.006422924901185771,0.012511625203441061,0.17617995814926762,0.4159933736340386,0.3525778888630551,0.0,0.0
158,68931,0.03056679868274071,0.006528267397832615,0.00644122383252818,0.012461737099418259,0.17388402895649271,0.41560400980690837,0.3545139342240792,0.0,0.0
159,69027,0.030973387225288654,0.0066350848218812925,0.006316368957074768,0.012531328320802004,0.17467078099873962,0.415518565199125,0.35335448447708867,0.0,0.0
160,69077,0.0306903889862038,0.00687638432473906,0.006311796980181536,0.012927602530509431,0.17816349870434442,0.41637592831188386,0.3486544001621379,0.0,0.0
161,69143,0.03096481205617344,0.006811969396757445,0.006334697655583356,0.013045427592091752,0.18049549484401892,0.4146189780599627,0.3477286203954124,0.0,0.0
162,69226,0.03128882211885708,0.006731574841822437,0.006673793083523532,0.013145350013000896,0.1838037731488169,0.41601421431254154,0.3423424724814376,0.0,0.0
163,69247,0.031077158577266884,0.006642887056478981,0.006585122821205251,0.013487948936416017,0.18878796193336894,0.41985934408710845,0.33355957658815544,0.0,0.0
164,69311,0.031106173623234406,0.006752174979440493,0.006636753184920142,0.013720765823606642,0.18913303804590903,0.4249686196996148,0.3276824746432745,0.0,0.0
165,69286,0.0301503911324077,0.006783477181537396,0.006494818578067719,0.014346332592442917,0.1928672459082643,0.43998787633865427,0.3093698582686257,0.0,0.0
166,69322,0.029831799428752775,0.006924208764894262,0.006563572891722685,0.014411009491936182,0.1954069415192868,0.4441014396584057,0.30276102824500156,0.0,0.0
167,69431,0.030605925307139462,0.00687013005717907,0.006466851982543821,0.01415794097737322,0.1942792124555314,0.4469041206377555,0.3007158185824776,0.0,0.0
168,69549,0.03145983407381846,0.006729068714143985,0.006700312010237386,0.014177055025952925,0.1927705646378812,0.4582236983996894,0.2899394671382766,0.0,0.0
169,69508,0.03037060482246648,0.006589169591989411,0.0069056799217356276,0.014588248834666513,0.2004373597283766,0.48344075502100475,0.2576681820797606,0.0,0.0
170,69605,0.030960419510092665,0.006579987069894404,0.006924789885784067,0.014567918971338266,0.19975576467207815,0.48888729257955604,0.25232382731125635,0.0,0.0
171,69689,0.031410983081978504,0.00667250211654637,0.006873394653388627,0.014794300391740447,0.19826658439638967,0.4869348103717947,0.2550474249881617,0.0,0.0
172,69831,0.0325929744669273,0.006859417737108161,0.0066302931362861766,0.014936059916083115,0.1935530065443714,0.5088141369878707,0.23661411121135312,0.0,0.0
173,69784,0.03132523214490428,0.006892697466467959,0.006964347128281555,0.01583457526080477,0.2024962742175857,0.5642697466467959,0.1722171271351599,0.0,0.0
174,69803,0.031173445267395385,0.006690256865750755,0.0069194733750698395,0.01588756930217899,0.20198272280561008,0.5663223643682936,0.17102416801570133,0.0,0.0
175,69912,0.03172559789449594,0.006737040851355991,0.007051722165007438,0.01564824350612198,0.20105275203112485,0.5720191097379563,0.16576553381393752,0.0,0.0
176,69963,0.0319025770764547,0.006732129840058316,0.007118048111144462,0.015794062575932993,0.2037076740562869,0.5661135171447765,0.1686319911953461,0.0,0.0
177,70032,0.03215672835275303,0.0068825679689284896,0.007125314142106465,0.01616403929632168,0.20711960246744346,0.5703535526616403,0.1601981951108065,0.0,0.0
178,70057,0.03194541587564412,0.006851563726679704,0.007194141913013689,0.01682915340365702,0.2115563041523331,0.5755741753143868,0.1500492456142855,0.0,0.0
179,70155,0.03254222792388283,0.006998788397120662,0.007112821609293707,0.017133490129000072,0.21557978761314234,0.5695531323497969,0.15107975197776352,0.0,0.0
180,70228,0.03286438457595261,0.0071623853733553565,0.007148146038617076,0.017158398359628638,0.21723529076721534,0.5693028421712137,0.1491285527140172,0.0,0.0
181,70266,0.032832379813850225,0.007101585404036092,0.007201206842569664,0.017490678279680073,0.22044801184071955,0.5671021546693992,0.14782398314974526,0.0,0.0
182,70318,0.03290764811285873,0.007153218237151227,0.0072812082254899175,0.017989703916493644,0.22436644955772347,0.5692283625814158,0.14107340936886714,0.0,0.0
183,70398,0.03335322026193926,0.007159294298133469,0.007315548737180034,0.01811130998039717,0.22543254069717888,0.5690360521605727,0.13959203386459842,0.0,0.0
184,70290,0.03158344003414426,0.007198748043818467,0.007469056764831413,0.01902119789443733,0.2333760136577038,0.5941385687864561,0.10721297481860863,0.0,0.0
185,70417,0.0325631594643339,0.007270971498359771,0.007370379311813909,0.01894428902111706,0.23126517744294703,0.568314469517304,0.13427155374412428,0.0,0.0
186,70412,0.03202579105834233,0.007214679316025678,0.007498721808782594,0.019556325626313698,0.2374453218201443,0.5733397716298358,0.1229193887405556,0.0,0.0
187,70486,0.032502908378968874,0.007348977101835826,0.007235479385977357,0.019805351417302726,0.2389552535255228,0.5673750815764833,0.12677694861390915,0.0,0.0
188,70533,0.03250960543291793,0.0073724355975217275,0.0073724355975217275,0.020203309089362426,0.2411920661250762,0.5880368054669446,0.10331334269065544,0.0,0.0
189,70558,0.03244139573117152,0.0072280960344680975,0.007539896255562799,0.02069219649083024,0.2453584285268857,0.604679837863885,0.08206014909719664,0.0,0.0
190,70677,0.03316496172729459,0.007300819219831062,0.007838476449198467,0.020289485971390978,0.24546882295513392,0.5910692304427183,0.09486820323443271,0.0,0.0
191,299448,0.036517191632603994,0.03467046031364377,0.04176351152787796,0.04742392669177954,0.08121610429857605,0.0612794208009404,0.0688900911009591,0.07641393497368491,0.0766009457401619
192,70801,0.033784833547548763,0.0073586531263682715,0.007782375955141876,0.020988404118585897,0.24506716006836063,0.5806273922684708,0.1043911809155238,0.0,0.0
193,70911,0.03462086277164333,0.007403646824893176,0.007784405804459111,0.02054688271213211,0.2436716447377699,0.5752986137552707,0.1106739433938317,0.0,0.0
194,71063,0.03592586859547162,0.007401882836356472,0.007795899413196741,0.020221493604266637,0.23769049997889197,0.5626134556660991,0.12835089990571746,0.0,0.0
195,70840,0.03296160361377753,0.007453416149068323,0.007707509881422925,0.022571993224167138,0.25941558441558443,0.592278373800113,0.07761151891586675,0.0,0.0
196,70996,0.03431179221364584,0.007408868105245366,0.007859597723815425,0.02207166600935264,0.2548030874978872,0.573342160121697,0.10020282832835653,0.0,0.0
197,70976,0.03357472948602344,0.007537759242560865,0.007974526600541028,0.02296550946798918,0.2626380748422002,0.5725033814247069,0.09280601893597835,0.0,0.0
198,71063,0.0342935142057048,0.007401882836356472,0.00818991599003701,0.022810745394931258,0.2612611344863009,0.5697479701110283,0.09629483697564133,0.0,0.0
199,71090,0.03405542270361513,0.007553805035870024,0.008243072162048108,0.02323814882543255,0.26546631031087353,0.5718947812631875,0.08954845969897313,0.0,0.0
200,71160,0.03462619449128724,0.007405845980888139,0.008459808881394042,0.023383923552557615,0.26666666666666666,0.5812254075323215,0.07823215289488476,0.0,0.0
201,71193,0.03468037587965109,0.007570969055946512,0.008273285294902588,0.024047308021856083,0.2705743542202183,0.5850294270504123,0.0698242804770132,0.0,0.0
202,71202,0.03440914581051094,0.00758405662762282,0.00844077413555799,0.024690317687705403,0.27596134940029776,0.5872587848655937,0.06165557147271144,0.0,0.0
203,71266,0.034855330732747734,0.007408862571212079,0.008475289759492605,0.024906687621025454,0.27532062975331856,0.5870541352117419,0.06197906435046165,0.0,0.0
204,71332,0.034977289295127015,0.0076823865866651716,0.008453429036056748,0.025107945942914822,0.2737621263948859,0.5806650591599843,0.06935176358436607,0.0,0.0
205,71453,0.035911718192378206,0.007655381859404084,0.008593061173078807,0.024547604719186038,0.26756049431094564,0.5949505269197934,0.06078121282521377,0.0,0.0
206,71307,0.033965809808293716,0.007530817451302116,0.008610655335380819,0.025733798925771663,0.27949570168426663,0.6236554615956358,0.021007755199349294,0.0,0.0
207,71415,0.03485262199817966,0.007561436672967864,0.008723657494924035,0.02552685010151929,0.28170552404956944,0.6122383252818036,0.029391584401036196,0.0,0.0
208,71440,0.0347424412094065,0.007516797312430011,0.008846584546472564,0.0259518477043673,0.2796892497200448,0.6180851063829788,0.02516797312430011,0.0,0.0
209,71471,0.03465741349638315,0.007569503714793413,0.009024639364217655,0.026696142491360132,0.2840033020385891,0.6143470778357656,0.023701921058891018,0.0,0.0
210,71466,0.03428203621302438,0.007723952648812022,0.008899336747544288,0.027453614306103602,0.29413987070774916,0.6163630257744942,0.011138163602272409,0.0,0.0
211,71542,0.03487461910486148,0.007701769589891253,0.009029660898493193,0.027340583153951523,0.29177266500796734,0.6153168767996422,0.013963825445193033,0.0,0.0
212,71571,0.03484651604700228,0.007517011079906666,0.00922161210546171,0.027790585572368697,0.2960836092830895,0.6147881125036677,0.009752553408503443,0.0,0.0
213,71644,0.0352576628887276,0.007648930824632907,0.009170342247780693,0.028167048182681034,0.29837809167550666,0.6115376025905868,0.009840321590084305,0.0,0.0
214,71658,0.03505540204861983,0.007619526082223897,0.009419743782969104,0.02883139356387284,0.305981188422786,0.6069524686706299,0.006140277428898378,0.0,0.0
215,71728,0.03559279500334597,0.0076120901182244035,0.00945237564131162,0.029193620343519966,0.3071185590006692,0.6022055543163061,0.008825005576622797,0.0,0.0
216,71776,0.03566651805617477,0.007690592955862684,0.009432122157824343,0.02924375835934017,0.3039177440927329,0.6041573785109229,0.00989188586714222,0.0,0.0
217,71782,0.03534312223120002,0.007829260817475134,0.009640299796606392,0.02977069460310384,0.3085871109748962,0.5947034075394946,0.014126104037223816,0.0,0.0
218,71783,0.03491077274563616,0.007815220874023098,0.009904852123761894,0.030689717621163785,0.31478205146065225,0.5932463118008442,0.008651073373918615,0.0,0.0
219,71880,0.03571229827490262,0.007999443516972732,0.009835837506956038,0.030815247634947134,0.3150389538119087,0.589621591541458,0.010976627712854757,0.0,0.0
220,71893,0.035566745023854894,0.007997997023354152,0.009834058948715451,0.03156079173215751,0.32176985241956796,0.5864131417523264,0.006857413100023646,0.0,0.0
221,71991,0.03625453181647706,0.008070453251100833,0.009848453278882082,0.03121223486269117,0.31612284868941953,0.5917684154963815,0.006723062605047853,0.0,0.0
222,72032,0.036511550422034654,0.00798256330519769,0.009995557529986673,0.03147212350066637,0.3174838960462017,0.5905847401155042,0.0059695690804087076,0.0,0.0
223,72081,0.03676419583524091,0.007977136832174915,0.009961016079133198,0.03175594123277979,0.3184889221847644,0.5887404447774032,0.006312343058503628,0.0,0.0
224,72114,0.03671963835038966,0.008056688021743351,0.009956457830657016,0.03218515128823807,0.3211026985051446,0.588179826386,0.003799539617827329,0.0,0.0
225,72004,0.035109160602188764,0.00818010110549414,0.010346647408477306,0.033623132048219546,0.33432864840842175,0.5760791067162936,0.0023332037109049498,0.0,0.0
226,72148,0.036452846925763706,0.00813605366746133,0.010201252979985585,0.03315407218495315,0.3268697676997283,0.5803625880135278,0.004823418528580141,0.0,0.0
227,72124,0.035674671399256834,0.008332871166324663,0.010412622705340801,0.03438522544506683,0.334798402750818,0.5732349841938883,0.003161222339304531,0.0,0.0
228,72135,0.03553060234282942,0.008331600471338463,0.010452623553060234,0.035294933111526997,0.3413044985097387,0.565481389062175,0.0036043529493311154,0.0,0.0
