,0,1,2,3,4,5,6,7,8,9
0,1424,0.5316011235955056,0.056179775280898875,0.06882022471910113,0.15660112359550563,0.18679775280898878,0.0,0.0,0.0,0.0
1,1832,0.34661572052401746,0.034934497816593885,0.02947598253275109,0.1299126637554585,0.28602620087336245,0.04585152838427948,0.09115720524017468,0.036026200873362446,0.0
2,2422,0.2696118909991742,0.028075970272502065,0.019405450041288193,0.06523534269199009,0.15359207266721717,0.04995871180842279,0.0875309661436829,0.2295623451692816,0.09702725020644096
3,3268,0.24326805385556916,0.02447980416156671,0.014993880048959608,0.040085679314565484,0.044981640146878825,0.04100367197062423,0.08629130966952264,0.31762545899632805,0.18727050183598531
4,3899,0.19620415491151577,0.024365221851756862,0.013080276994101052,0.015901513208515003,0.02154398563734291,0.033598358553475254,0.08976660682226212,0.39240830982303154,0.2131315721979995
5,4640,0.17844827586206896,0.020474137931034482,0.01206896551724138,0.01163793103448276,0.01228448275862069,0.02413793103448276,0.08405172413793104,0.425,0.23189655172413792
6,5336,0.15760869565217392,0.017616191904047975,0.012743628185907047,0.009932533733133433,0.010307346326836582,0.02230134932533733,0.0843328335832084,0.4480884557721139,0.23706896551724138
7,6156,0.1608187134502924,0.018843404808317088,0.0099090318388564,0.009096816114359974,0.012345679012345678,0.01770630279402209,0.08430799220272904,0.4392462638076673,0.24772579597141
8,6727,0.14464099895941726,0.01768990634755463,0.009365244536940686,0.008473316485803479,0.011892374015162776,0.017095287646796492,0.09290917199345919,0.42544968039244835,0.27248401962241714
9,7236,0.11981757877280265,0.017965726920950803,0.0076008844665561084,0.009259259259259259,0.011885019347705915,0.018794914317302378,0.09632393587617469,0.41500829187396354,0.30334438916528467
10,7893,0.11630558722919042,0.017990624604079564,0.008235145065247688,0.008868617762574433,0.00937539592043583,0.019510959077663752,0.09540098821740783,0.41555808944634487,0.30875459267705563
11,8484,0.1107967939651108,0.01485148514851485,0.010254596888260255,0.00825082508250825,0.009783121169259784,0.018151815181518153,0.10242809995285243,0.4829090051862329,0.24257425742574257
12,9093,0.10854503464203233,0.01649620587264929,0.00912790058286594,0.006598482349059716,0.008468052347959968,0.019685472341361487,0.10821511052457934,0.5162212691081052,0.2066424722313868
13,9654,0.10047648643049513,0.01419100890822457,0.007768800497203232,0.009426144603273255,0.008804640563496996,0.019266625233064015,0.11932877563704164,0.5939506940128444,0.12678682411435674
14,10370,0.10665380906460944,0.013982642237222759,0.008003857280617165,0.00742526518804243,0.009257473481195757,0.018997107039537126,0.11629701060752169,0.6651880424300868,0.05419479267116683
15,10935,0.09885688157293096,0.014631915866483767,0.006858710562414266,0.008962048468221307,0.007864654778235025,0.020210333790580706,0.1196159122085048,0.7167809785093736,0.006218564243255602
16,11627,0.10226197643416186,0.013159026404059517,0.007740603767093833,0.007396576933000774,0.009374731229035866,0.018319428915455405,0.12006536509847768,0.7216822912187151,0.0
17,12211,0.0964703955450004,0.013512406846286136,0.007861763983293751,0.006879043485382033,0.008762591106379494,0.018589796085496685,0.12128408811727132,0.7266399148308902,0.0
18,12887,0.09847132769457594,0.01365717389617444,0.007526965158687049,0.00659579421122061,0.008302940948242415,0.021028943896950415,0.11360285559090556,0.7308139986032436,0.0
19,13281,0.07996385814321211,0.013176718620585798,0.0075295534974775995,0.006324824937881184,0.009487237406821775,0.02063097658308862,0.1772456893306227,0.6856411414803102,0.0
20,13851,0.07660096743917406,0.012706663778788535,0.00823045267489712,0.005559165403219984,0.009313406974225688,0.019637571294491372,0.24785214063966501,0.6200996317955382,0.0
21,14463,0.07598700131369703,0.013206112148240337,0.007190762635691073,0.006983336790430754,0.008711885500933417,0.018530042176588536,0.3724676761391136,0.49692318329530527,0.0
22,15010,0.07308461025982678,0.011858760826115923,0.007395069953364424,0.0073284477015323115,0.007195203197868088,0.018787475016655564,0.4890073284477015,0.3853431045969354,0.0
23,15603,0.07178106774338268,0.012048964942639236,0.00647311414471576,0.007883099403960777,0.0071140165352816765,0.01826571813112863,0.5714285714285714,0.3050054476703198,0.0
24,16266,0.07469568424935448,0.011680806590434033,0.006578138448297062,0.007008483954260421,0.007438829460223779,0.018013033321037746,0.6359891798844215,0.238595844091971,0.0
25,16802,0.07034876800380907,0.011665277943102011,0.006546839661945006,0.005773122247351506,0.00880847518152601,0.017140816569456017,0.7155695750505893,0.16414712534222117,0.0
26,17411,0.06880707598644535,0.011429556027798517,0.006030670265923841,0.006375279995405204,0.008500373327206939,0.017115616564240998,0.7688243064729194,0.11291712136005973,0.0
27,18026,0.06906690336181072,0.010540330633529346,0.006601575502052591,0.006379673804504604,0.007322756019083546,0.01886164429157883,0.8154332630644624,0.06579385332297792,0.0
28,18755,0.0743801652892562,0.011356971474273527,0.006291655558517729,0.0059184217541988805,0.007784590775793122,0.01812849906691549,0.8308184484137563,0.045321247667288726,0.0
29,19372,0.07531488746644642,0.010014453850918852,0.0074850299401197605,0.005626677679124509,0.0070720627710097045,0.01889324798678505,0.841988436919265,0.03360520338633079,0.0
30,19678,0.061388352474845004,0.011179997967273097,0.006301453399735746,0.005844089846529119,0.007571907714198597,0.01981908730562049,0.8578615712978961,0.03003353999390182,0.0
31,20641,0.07940506758393488,0.010513056537958433,0.006395039000048447,0.006104355409137154,0.0076546678939973835,0.025289472409282497,0.8433699917639649,0.021268349401676274,0.0
32,21937,0.06231481059397365,0.010849250125358983,0.00660983726124812,0.005196699639877832,0.007475953867894425,0.022427861603683274,0.843962255549984,0.04116333135797967,0.0
33,22375,0.05693854748603352,0.01041340782122905,0.006480446927374301,0.004960893854748604,0.007508379888268156,0.02601117318435754,0.8517094972067039,0.03597765363128492,0.0
34,22914,0.05529370690407611,0.01077943615257048,0.00589159465828751,0.005324255913415379,0.007462686567164179,0.029807104826743477,0.8599546129004102,0.025486602077332634,0.0
35,23549,0.05724234574716548,0.010106586266932779,0.006114909337976135,0.00496836383710561,0.008068283154274066,0.032570385154359,0.8517983778504395,0.02913074865174742,0.0
36,24109,0.05703264341117425,0.009622962379194492,0.00667800406487204,0.004728524617362811,0.007963830934505787,0.039570284955825624,0.8450786013521921,0.02932514828487287,0.0
37,24637,0.05507975808742947,0.009497909648090271,0.005804278118277387,0.005804278118277387,0.007793156634330479,0.04899135446685879,0.838251410480172,0.02877785444656411,0.0
38,25317,0.05897223209700991,0.009756290239759845,0.005332385353714895,0.0057273768613974796,0.00809732590749299,0.05395583994944109,0.8280996958565391,0.030058853734644706,0.0
39,25681,0.05167244266189011,0.00895603753747907,0.006580740625365056,0.005412561816128656,0.007748919434601456,0.07780070869514427,0.8153498695533663,0.026478719676025077,0.0
40,26201,0.0504942559444296,0.009312621655661997,0.0056104728827144,0.005686805847105072,0.008167627189801916,0.08453875806266936,0.8127934048318767,0.023396053585741,0.0
41,26766,0.05054920421430173,0.009676455204363745,0.005305237988492864,0.005379959650302623,0.008592991108122245,0.1028170066502279,0.7893596353582903,0.028319509825898526,0.0
42,27265,0.04896387309737759,0.008765816981478085,0.006125068769484687,0.00520814230698698,0.007885567577480285,0.15903172565560242,0.7348982211626628,0.029121584448927196,0.0
43,27881,0.04999820666403644,0.009361213729780138,0.005200674294322298,0.0057386750833901224,0.008177611993830925,0.19880922492019654,0.6868835407625264,0.03583085255191708,0.0
44,28343,0.0473485516706065,0.008502981335779558,0.005433440355643368,0.006068517799809477,0.008467699255548107,0.25480718343153513,0.6339131355184702,0.0354584906326077,0.0
45,28962,0.049789379186520266,0.008424832539189282,0.005766176369035288,0.005593536357986327,0.00839030453697949,0.2675574891236793,0.6177059595331814,0.03677232235342863,0.0
46,29496,0.0491253051261188,0.008645240032546787,0.005695687550854353,0.005966910767561703,0.007899376186601572,0.3027529156495796,0.583062110116626,0.0368524545701112,0.0
47,30018,0.04797121726963822,0.009027916583383304,0.006229595575987741,0.005030315144246785,0.009027916583383304,0.3380638283696449,0.5508028516223599,0.033846358851355854,0.0
48,30588,0.04913691643781875,0.00915391656858899,0.005296194586112201,0.0054596573819798615,0.00964430495619197,0.3687720674774421,0.5157251209624689,0.03681182162939715,0.0
49,30961,0.04408772326475243,0.008752947256225574,0.005167791737992959,0.005781467006879623,0.010529375666160653,0.40757727463583215,0.4805400342366203,0.03756338619553632,0.0
50,31551,0.04643275965896485,0.008208931571107097,0.005039459922030997,0.006212164432189154,0.009761972679154384,0.4118411460809483,0.4704129821558746,0.0420905834997306,0.0
51,32021,0.04356516036351145,0.009119015645982324,0.0053090159582773805,0.0062459011273851535,0.009774835264357766,0.4256269323256613,0.45844914275007026,0.04190999656475438,0.0
52,32525,0.04325903151421983,0.008485780169100692,0.006272098385857033,0.005318985395849346,0.010422751729438894,0.43243658724058415,0.4504227517294389,0.04338201383551114,0.0
53,33001,0.04236235265598012,0.009030029393048696,0.005514984394412291,0.005939213963213236,0.01093906245265295,0.43547165237417046,0.4491682070240296,0.04157449774249265,0.0
54,33515,0.04305534835148441,0.008026256899895568,0.005430404296583619,0.006385200656422498,0.011755930180516187,0.43282112486946145,0.45340892137848726,0.03911681336714904,0.0
55,34029,0.04264010109024655,0.008316435981074965,0.005407152722677716,0.00593611331511358,0.012401187222663023,0.4338652325957272,0.4546416291986247,0.036792147873872284,0.0
56,34573,0.04286582014867093,0.008330199866948197,0.006247649900211147,0.005466693662684754,0.012871315766638707,0.4379429034217453,0.4496572469846412,0.03661817024845978,0.0
57,35118,0.04399453271826414,0.008542627712284298,0.005638134290107637,0.0059513639728913945,0.012870892419841677,0.4392049661142434,0.44760521669798964,0.03619226607437781,0.0
58,35539,0.04186949548383466,0.007963082810433609,0.005880863276963336,0.006725006331072906,0.012662145811643547,0.451363291032387,0.44050198373617716,0.03303413151748783,0.0
59,36005,0.04116094986807388,0.0076933759200111095,0.006054714622969032,0.006138036383835578,0.013164838216914318,0.45424246632412163,0.4399388973753645,0.0316067212887099,0.0
60,36525,0.04136892539356605,0.008761122518822724,0.004928131416837783,0.006297056810403833,0.014182067077344285,0.4559069130732375,0.44309377138945927,0.02546201232032854,0.0
61,36996,0.04122067250513569,0.00756838577143475,0.006027678667964104,0.006027678667964104,0.014488052762460806,0.46277975997405124,0.438831224997297,0.023056546653692292,0.0
62,37449,0.03933349355122967,0.007823973937888862,0.0060882800608828,0.006248497957221821,0.015327512083099681,0.47763625196934495,0.42759486234612404,0.019947128094208122,0.0
63,37959,0.0394109433862852,0.008509180958402487,0.0051107774177401935,0.006190890170973945,0.016623198714402383,0.47683026423246133,0.4276983060670724,0.019626439052662082,0.0
64,38463,0.040168473598003275,0.007643709539037516,0.0057457816602969084,0.006577750045498271,0.01689935782440267,0.47359800327587553,0.4288537035592647,0.02051322049762109,0.0
65,38965,0.04075452329013217,0.007622225073784165,0.005697420762222507,0.006313358141922238,0.01778519183882972,0.4729885794944181,0.42622866675221355,0.02261003464647761,0.0
66,39446,0.040029407290980076,0.008112356132434214,0.00575470263144552,0.0061096182122395174,0.01860771687877098,0.4750545048927648,0.4261522080819348,0.020179485879430106,0.0
67,39885,0.039037232042121096,0.007847561740002507,0.005440641845305252,0.006995110943963896,0.0190547824996866,0.4792779240315908,0.424094271029209,0.018252475868120847,0.0
68,40484,0.04105325560715344,0.008027862859401245,0.005434245627902381,0.006422290287520996,0.019859697658334157,0.4704080624444225,0.42705760300365575,0.021736982511609524,0.0
69,40819,0.038046007986476886,0.007937480095053774,0.004948675861731057,0.006957544280849604,0.02084813444719371,0.4732110046791935,0.42426321075969525,0.023787941889806218,0.0
70,41237,0.036569100565026554,0.007687271139995635,0.005480515071416447,0.006741518539175983,0.021800809952227367,0.47678056114654316,0.4207629070979945,0.02417731648762034,0.0
71,41800,0.03787081339712919,0.00777511961722488,0.005861244019138756,0.006483253588516746,0.021698564593301436,0.4702153110047847,0.42358851674641146,0.026507177033492823,0.0
72,42275,0.038083973979893555,0.007876995860437611,0.005156712004730928,0.007049083382613838,0.02228267297457126,0.4680780603193377,0.4250266114725015,0.02644589000591366,0.0
73,42735,0.03774423774423774,0.007768807768807769,0.005569205569205569,0.0066222066222066224,0.02325962325962326,0.46851526851526853,0.4257868257868258,0.024733824733824735,0.0
74,43222,0.03847577622507056,0.007357364305214937,0.005599000509000046,0.006709546064504188,0.023992411272037387,0.46888158808014435,0.4256628568784415,0.02332145666558697,0.0
75,43696,0.03785243500549249,0.007643720248993043,0.005423837422189674,0.006911387770047602,0.024464481874771148,0.4709813255217869,0.42749908458440133,0.01922372757231783,0.0
76,44168,0.03826299583408803,0.0071092193443216805,0.00581869226589386,0.0064073537402644445,0.025176598442311175,0.4706122079333454,0.4313982974098895,0.01521463502988589,0.0
77,44747,0.04022616041298858,0.0074865354101950965,0.0056763581916106105,0.006592620734350906,0.02494021945605292,0.46908172614923904,0.43330279124857535,0.012693588396987508,0.0
78,45149,0.03860550621276219,0.0079514496445104,0.005470774546501584,0.006711112095505991,0.02609138629869986,0.47387539037409465,0.4307736605461915,0.010520720281733814,0.0
79,45436,0.03492825072629633,0.007527071044986355,0.005370191037943481,0.007086891451712298,0.027643278457610707,0.48309710361827624,0.42609384628928604,0.008253367373888546,0.0
80,45894,0.03497189175055563,0.0073430078005839545,0.005425545822983396,0.0066893275809474005,0.028391510872880988,0.4857715605525777,0.4246088813352508,0.0067982742842201595,0.0
81,46420,0.03593278759155536,0.0075183110728134425,0.005191727703576045,0.0070874623007324425,0.02839293408013787,0.48550193881947434,0.4229426971133132,0.007432141318397242,0.0
82,46872,0.03539426523297491,0.007467144563918757,0.005483017579791773,0.00689110769755931,0.02927120669056153,0.49121010411332994,0.41694401775046935,0.007339136371394436,0.0
83,47298,0.03471605564717324,0.007336462429701044,0.00564505898769504,0.006807898854074168,0.030424119413083005,0.4910355617573682,0.41737494185800667,0.006659901052898642,0.0
84,47756,0.034948488148086106,0.006972945807856604,0.005779378507412681,0.00680542759025044,0.03090711114833738,0.4900745456068347,0.4169947231761454,0.007517380015076639,0.0
85,48321,0.03679559611763002,0.007388092133854845,0.005132344115394963,0.007181142774363113,0.030152521677945406,0.4853997226878583,0.41832743527658783,0.009623145216365555,0.0
86,48665,0.034768313983355593,0.007007089283879585,0.005198808178362273,0.007376964964553581,0.03271344909072228,0.4927155039556149,0.4122264461111682,0.007993424432343573,0.0
87,49185,0.03497001118227102,0.007481955880857985,0.005408152892141914,0.00652637999390058,0.03352648165090983,0.4946020128087832,0.4100030497102775,0.007481955880857985,0.0
88,49578,0.034168381136794546,0.006837710274718625,0.0054863044092137644,0.007281455484287385,0.033926338295211585,0.5005042559199645,0.40528056799386825,0.006514986485941345,0.0
89,50100,0.03546906187624751,0.007125748502994012,0.005369261477045908,0.006746506986027944,0.034191616766467064,0.504431137724551,0.40115768463073853,0.005508982035928144,0.0
90,50438,0.032971172528649034,0.007137475712756255,0.00541258574884016,0.007315912605575162,0.03471588881398945,0.5110829136761965,0.39767635512906935,0.0036876957849240654,0.0
91,50884,0.0326625265309331,0.007074915494064932,0.005679584938291015,0.006898042606713309,0.03564971307287163,0.5172942378743809,0.3924809370332521,0.0022600424494929644,0.0
92,51338,0.032529510304258054,0.007090264521407145,0.005259262144999805,0.007343488254314543,0.036600568779461606,0.5259262144999806,0.38336125287311545,0.001889438622462893,0.0
93,51831,0.03310759969902182,0.006907063340471919,0.005595107175242616,0.006829889448399606,0.03706276166772781,0.5288919758445718,0.378287125465455,0.0033184773591094134,0.0
94,52313,0.03310840517653356,0.007111043144151549,0.00504654674746239,0.007321315925295816,0.037944679142851684,0.5294286315065089,0.375356030049892,0.004683348307304112,0.0
95,52759,0.03233571523341989,0.007145700259671335,0.005496692507439489,0.0067097556814951,0.039310828484239654,0.5295778919236528,0.37646657442332115,0.002956841486760553,0.0
96,53369,0.03509528003147895,0.006670539076992261,0.00520901647023553,0.007213925687196687,0.0377372632052315,0.5266165751653582,0.37842193033408905,0.003035470029417827,0.0
97,53706,0.03258481361486612,0.00685212080586899,0.005660447622239601,0.006572822403455852,0.03966037314266562,0.5461587159721446,0.36025769932595986,0.0022530071127993146,0.0
98,55392,0.03208044482957828,0.006842143269786251,0.004928509532062392,0.007600375505488157,0.040222414789139224,0.5641789428076257,0.33501227614095896,0.009134893125361063,0.0
99,55998,0.034233365477338476,0.006625236615593414,0.0052144719454266224,0.007178827815279117,0.0386620950748241,0.5620022143647987,0.3324404443015822,0.013643344405157328,0.0
100,56225,0.03028901734104046,0.006900844819919964,0.004944419742107603,0.007096487327701201,0.042169853268119166,0.5737305469097377,0.32152956869719873,0.013339261894175189,0.0
101,56682,0.030080095974030555,0.006510003175611305,0.005310327793655835,0.007321548286934124,0.04145936981757877,0.5847535372781483,0.3104160050809781,0.014149112593063054,0.0
102,57138,0.029840036403094263,0.006615562322797437,0.00509293289929644,0.007263117364976023,0.043473695264097445,0.5939829885540271,0.29651020336728623,0.017221463824425076,0.0
103,57648,0.030009714127116293,0.006921315570358035,0.005134610047182903,0.007112128781570913,0.04307174576741604,0.5880342769913961,0.2990910352484041,0.02062517346655565,0.0
104,58093,0.02984869089219011,0.006265815158452826,0.005250202261890417,0.007505207167817121,0.04429105055686572,0.5929285800354603,0.29377033377515366,0.020140120152169795,0.0
105,58526,0.029149437856679082,0.007056692751939309,0.0050575812459419745,0.007056692751939309,0.04550114479034959,0.5970679697912039,0.28993951406212626,0.019170966749820592,0.0
106,59014,0.02950147422645474,0.006337479242213712,0.005337716474057003,0.0071339004304063446,0.046683837733419185,0.5875893855695259,0.3000135561053309,0.0174026502185922,0.0
107,59483,0.029285678261015753,0.00685910260074307,0.004925777112788528,0.007027217860565204,0.046618361548677774,0.5755594035270581,0.3117865608661298,0.017937898223021703,0.0
108,59972,0.029847262055625958,0.006386313613019409,0.005235776695791369,0.006936570399519776,0.04605482558527313,0.5839558460614953,0.30407523510971785,0.017508170479557127,0.0
109,60423,0.029392780894692418,0.0066861956539728245,0.004998096751237112,0.00693444549261043,0.046753719610082255,0.5978352614070801,0.29482150836601956,0.012577991824305313,0.0
110,60882,0.029105482737097992,0.006307282940770671,0.005256069117308893,0.006997142012417463,0.04763312637561184,0.6170953648040471,0.27512236785913735,0.01248316415360862,0.0
111,61320,0.02857142857142857,0.006311154598825832,0.0050391389432485325,0.0070450097847358124,0.04698303979125897,0.6306751467710372,0.26583496412263535,0.009540117416829745,0.0
112,61756,0.028013472375153833,0.006298983094760023,0.005116911717080122,0.006817151369907378,0.04831919165749077,0.6477751149685861,0.24862361551913983,0.009035559297881987,0.0
113,62242,0.028614119083577007,0.0061694675620963335,0.004868095498216638,0.007326242729989396,0.04819896532887761,0.6374313164744063,0.2566594903762733,0.010732302946563414,0.0
114,62696,0.02778486665816001,0.006730891922929693,0.004880694143167028,0.007017991578410106,0.049094041087150694,0.6408702309557228,0.25156309812428224,0.012058185530177365,0.0
115,63185,0.02832950858589855,0.006330616443776213,0.005017013531692649,0.006963678088153834,0.048729920075967395,0.646166020416238,0.24502650945635832,0.013436733401915011,0.0
116,63620,0.028057214712354606,0.006177302734988998,0.004935554856963219,0.00721471235460547,0.04954416850047155,0.6519333542911034,0.2376768311851619,0.014460861364350833,0.0
117,64095,0.02808331383103206,0.006474764022154614,0.004789765192292691,0.006739995319447695,0.05015991887042671,0.6531086668226851,0.2397534909119276,0.010890085030033544,0.0
118,64558,0.028145233743300597,0.006273428544874377,0.004801883577558164,0.007280275101459153,0.05086898602806778,0.6538616437931782,0.2399702593017132,0.008798289909848508,0.0
119,65055,0.02831450311275075,0.006563676888786412,0.004765198678041657,0.007117054799784798,0.04985012681577127,0.6539389747137038,0.2369226039505034,0.012527861040657905,0.0
120,65508,0.028256090859131708,0.006258777553886548,0.005236001709714844,0.00676253282041888,0.05049764914208951,0.6534011113146486,0.23720766929230017,0.012380167307809734,0.0
121,65871,0.02715914438827405,0.006087656176466123,0.004721349303942554,0.007241426424374915,0.0516463997813909,0.6527606989418713,0.23977167494041385,0.010611650043266384,0.0
122,66311,0.026586840795644766,0.006228227594215137,0.004991630347906079,0.006786204400476542,0.05370149748910437,0.6505557147381279,0.23689885539352445,0.014251029241000739,0.0
123,66835,0.026887110047130996,0.006299094785666193,0.004937532729857111,0.006912545821799955,0.05429789780803471,0.6479090297000075,0.23776464427321015,0.01499214483429341,0.0
124,67313,0.026547620816187067,0.00652177142602469,0.004843046662606034,0.006982306538112995,0.05527906942195415,0.6469181287418477,0.2399685053407217,0.01293955105254557,0.0
125,67752,0.02627228716495454,0.006258117841539733,0.004752627228716495,0.007084661707403472,0.056942968473255404,0.6447632542212776,0.24408135553194002,0.00984472783091274,0.0
126,68211,0.026403366026007534,0.005996100335722977,0.004749967014117958,0.00725689404934688,0.05710222691354767,0.6434592661007755,0.24705692630220932,0.007975253258272126,0.0
127,68689,0.026627262007017136,0.006172749639680298,0.004877054550219103,0.006725967767764853,0.05645736580820801,0.6423444801933352,0.25153954781697213,0.005255572216803272,0.0
128,69196,0.027284814151107,0.006069715012428464,0.004783513497890052,0.00689346204982947,0.05634718769871091,0.6431874674836696,0.25257240302907685,0.0028614370772877045,0.0
129,69627,0.026282907492782972,0.006261938615766872,0.004567193761040976,0.007123673287661396,0.05843997299898028,0.6423801111637727,0.2541542792307582,0.0007899234492366467,0.0
130,70068,0.026474282125934806,0.006293885939373181,0.004581263915053948,0.0071787406519381175,0.058957013187189586,0.6433036478849118,0.2531540788947879,5.708740081064109e-05,0.0
131,70536,0.027205965747986845,0.006280480889191335,0.004607576273108767,0.006960984461835091,0.0568787569468073,0.6429908132017693,0.2550754224793014,0.0,0.0
132,81983,0.031555322444897116,0.05259626995840601,0.08415159240330312,0.006196406572094215,0.04886378883427052,0.5590305307197834,0.21760608906724566,0.0,0.0
133,80920,0.07453040039545229,0.04052150271873455,0.03690064260998517,0.00633959466139397,0.05161888284725655,0.5859738012852199,0.20411517548195748,0.0,0.0
134,76288,0.0854262793624161,0.00575450922818792,0.004469903523489933,0.006698301174496644,0.05359951761744967,0.6315541107382551,0.2124973783557047,0.0,0.0
135,75826,0.07525123308627647,0.005670878062933558,0.004602642892939097,0.006923746472186321,0.0584759844908079,0.6414026850948223,0.2076728299000343,0.0,0.0
136,75031,0.060694912769388654,0.005890898428649491,0.004491476856232757,0.007396942597059882,0.0607882075408831,0.6663912249603497,0.19434633684743638,0.0,0.0
137,74265,0.04648219214973406,0.005884333131353935,0.0046724567427455736,0.00732511950447721,0.06277519692991315,0.6789200834848179,0.1939406180569582,0.0,0.0
138,73739,0.03521881229742741,0.006102605134325119,0.004787154694259482,0.0073366875059330885,0.06647771192991497,0.6778638169760913,0.20221321146204857,0.0,0.0
139,73978,0.033942523452918434,0.006028819378734218,0.004974451864067695,0.007191327151315256,0.06624942550487983,0.6754981210630188,0.20611533158506584,0.0,0.0
140,74051,0.030830103577264317,0.006171422398077001,0.004739976502680585,0.007737910359076852,0.07085657182212259,0.6738058905349016,0.20585812480587704,0.0,0.0
141,74238,0.029324604649909748,0.006384870282065788,0.004701096473504135,0.007570247043293192,0.07096096338802231,0.6689296586653736,0.2121285594978313,0.0,0.0
142,74321,0.026452819526109714,0.006270098626229464,0.004991859635903715,0.007575247911088387,0.0704107856460489,0.6811399200764252,0.20315926857819458,0.0,0.0
143,74604,0.026446303147284328,0.006313334405661895,0.005013136024878023,0.007533108144335424,0.07080049327113827,0.6896010937751327,0.19429253123156937,0.0,0.0
144,74826,0.025900088204634752,0.00609413840109053,0.005225456392163152,0.007524122631170983,0.0742656295939914,0.686686445887793,0.19430411888915616,0.0,0.0
145,75171,0.026885368027563823,0.006132684146811935,0.005001928935360711,0.00771574144284365,0.07195594045576087,0.6892285588857405,0.1930797781059185,0.0,0.0
146,75417,0.02687722927191482,0.006232016654070038,0.004693901905405943,0.007823169842343238,0.07336542158929685,0.6806555551135686,0.20035270562340057,0.0,0.0
147,75724,0.027270086102160477,0.006391632771644393,0.004978606518408959,0.007685806349374043,0.07250013205852834,0.6777375732924832,0.20343616290740055,0.0,0.0
148,75967,0.027130201271604776,0.006463332762910211,0.0050811536588255424,0.007542748825147762,0.07444021746284571,0.6710282096173339,0.20831413640133215,0.0,0.0
149,76207,0.02733344705866915,0.006114923825895259,0.005130762265933576,0.007755193092498064,0.07585917304184656,0.6689674176912882,0.2088390830238692,0.0,0.0
150,76418,0.027087858881415374,0.0060718678845298225,0.0051689392551493105,0.007956240676280457,0.0765395587427046,0.6724855400560078,0.2046899945039127,0.0,0.0
151,76693,0.027577484255407927,0.0064021488271419815,0.005137365861291121,0.007849477788064099,0.07659108393204074,0.6782626836869076,0.1981797556491466,0.0,0.0
152,76886,0.02740420882865541,0.006282027937465858,0.0049814010352990145,0.008180943214629451,0.07907811565174414,0.6906979163957028,0.1833753869365034,0.0,0.0
153,76981,0.026032397604603734,0.006157363505280524,0.005092165599303724,0.008144866915212845,0.08247489640300854,0.6967043816006547,0.17539392837193593,0.0,0.0
154,77197,0.02595955801391246,0.0063085353057761315,0.005090871406919958,0.008381154708084511,0.08286591447854191,0.7034858867572574,0.16790807932950763,0.0,0.0
155,77466,0.026824671468773396,0.006170448971161542,0.005241008958769009,0.008158417886556683,0.08336560555598585,0.7024888338109623,0.1677510133477913,0.0,0.0
156,77745,0.027628786417132935,0.006225480738311145,0.005299376165669818,0.008296353463245225,0.08351662486333526,0.7147212039359444,0.1543121744163612,0.0,0.0
157,77914,0.027440511333008188,0.006288985291475216,0.005108196216341094,0.008342531509099776,0.08481145878789434,0.7237851990656364,0.1442231177965449,0.0,0.0
158,78098,0.027363056672385977,0.006453430305513585,0.005083356808112884,0.00848933391380061,0.08618658608415068,0.7228610207687777,0.14356321544725859,0.0,0.0
159,78230,0.026843921769142274,0.006378627125143806,0.005074779496356896,0.008845711363926883,0.0914355106736546,0.726025821296178,0.1353956282755976,0.0,0.0
160,78488,0.0276730200795026,0.0065232901844868,0.0051472836611966164,0.008714707980837835,0.0895423504229946,0.7325960656406075,0.12980328203037406,0.0,0.0
161,78633,0.02741851385550596,0.006473109254384292,0.0050233362583139395,0.009029287957982017,0.09164091412002594,0.7468365698879605,0.11357826866582732,0.0,0.0
162,78745,0.02654136770588609,0.0065273985649882535,0.005359070417169344,0.008876754079624103,0.09303447837957965,0.7596037843672614,0.10005714648549115,0.0,0.0
163,78919,0.026723602681230123,0.006538349446901254,0.005258556241209341,0.008920538780268376,0.0932221644977762,0.766963595585347,0.0923731927672677,0.0,0.0
164,79075,0.026784698071451153,0.006449573190009485,0.005235535883654758,0.009092633575719255,0.0951122352197281,0.7848624723363895,0.07246285172304774,0.0,0.0
165,79226,0.026695781687829753,0.006487769166687704,0.005212935147552571,0.009188902632974024,0.09804862040239315,0.786433746497362,0.06793224446520081,0.0,0.0
166,79421,0.02715906372370028,0.006497022198159177,0.005187544855894536,0.00934261719192657,0.09769456440991678,0.7941350524420493,0.05998413517835333,0.0,0.0
167,79572,0.027245764841904187,0.006245915648720656,0.0053410747499120295,0.009437993263962198,0.10022369677776102,0.8061378374302518,0.04536771728748806,0.0,0.0
168,79754,0.027308975098427665,0.006670511823858365,0.005316347769390877,0.00952930260551195,0.10114853173508538,0.8186548637058956,0.03137146726183013,0.0,0.0
169,79901,0.027509042440019525,0.006445476276892655,0.00530656687650968,0.009712018623046019,0.1019761955419832,0.8250960563697576,0.02395464387179134,0.0,0.0
170,80065,0.027577593205520515,0.006806969337413352,0.005133329170049335,0.009804533816274276,0.10316617748079686,0.8310872416161869,0.016424155373758822,0.0,0.0
171,80233,0.02795607792304912,0.00663068812084803,0.005209826380666309,0.010120523973925941,0.10371044333379034,0.8377974150287288,0.008575025238991438,0.0,0.0
172,80360,0.02782478845196615,0.006744649079143853,0.005276256844201095,0.0101543056246889,0.10596067695370831,0.8381533101045296,0.005886012941762071,0.0,0.0
173,80454,0.027220523528973077,0.006798916150843961,0.005369527929002908,0.010304024660054192,0.1069928157705024,0.8362169687026126,0.007097223258010789,0.0,0.0
174,80526,0.02661252266348757,0.006606561855798127,0.005476492064674763,0.010344485011052331,0.11227429650050916,0.8339169957529246,0.004768646151553536,0.0,0.0
175,80715,0.02713250325218361,0.0068140989902744226,0.00543888992132813,0.010431766090565571,0.11193706250387164,0.8330421854673853,0.005203493774391377,0.0,0.0
176,80841,0.027226283692680694,0.006704518746675573,0.005591222275825386,0.010415506982842864,0.11427369775237813,0.8314221743917072,0.00436659615789018,0.0,0.0
177,81390,0.0296473768276201,0.006757586927140926,0.00555350780194127,0.010726133431625507,0.11124216734242535,0.8247942007617644,0.011279026907482491,0.0,0.0
178,81610,0.030547726994240902,0.006972184781276805,0.0055262835436833725,0.010599191275578974,0.11002328146060532,0.825634113466487,0.010697218478127681,0.0,0.0
179,81589,0.029048033435879837,0.007035262106411404,0.00556447560332888,0.010945102893772445,0.11812866930591133,0.8212259005503193,0.008052556104376815,0.0,0.0
180,81758,0.02972186208077497,0.0068861762763276985,0.005638591942072947,0.011105946818659947,0.11699160938379119,0.8219868392083955,0.007668974289977739,0.0,0.0
181,81820,0.02901491077976045,0.0070642874602786605,0.00567098508922024,0.011244194573453924,0.11873625030554877,0.8207650941090198,0.007504277682718162,0.0,0.0
182,81940,0.029131071515743227,0.0071027581156944105,0.005626067854527703,0.011471808640468635,0.12204051745179399,0.8172077129607029,0.007420063461069075,0.0,0.0
183,82054,0.029200282740634218,0.007031954566504984,0.005666999780632267,0.011723986642942453,0.12287030492114949,0.8165720135520511,0.006934457796085505,0.0,0.0
184,82227,0.0297955659333309,0.0071752587349654005,0.0056429153441083825,0.011930387828815352,0.12145645590864315,0.8163498607513348,0.007649555498802097,0.0,0.0
185,82312,0.02965545728447857,0.007022062396734376,0.005819321605598212,0.012063854602002138,0.1256924871221693,0.8147657692681505,0.004981047720866945,0.0,0.0
186,82376,0.02934107021462562,0.0069194911139166745,0.00591191609206565,0.012479362921239195,0.12960085461784987,0.8125424881033311,0.0032048169369719337,0.0,0.0
187,82504,0.029392514302336855,0.0071511684281974205,0.005878502860467372,0.012496363812663629,0.1299209735285562,0.8107122078929506,0.004448269174827887,0.0,0.0
188,82721,0.030681447274573566,0.007192853084464646,0.005983970213126051,0.012451493574787538,0.12667883608757147,0.811474716214746,0.00553668355073077,0.0,0.0
189,82738,0.029877444463245424,0.0071672024946215765,0.006103604148033552,0.012823611883294254,0.13315526118591214,0.806703086852474,0.004169788972418961,0.0,0.0
190,82859,0.03014760013999686,0.007048117887012878,0.0061188283710882346,0.01317901495311312,0.13404699549837676,0.8060319337670018,0.003427509383410372,0.0,0.0
191,82859,0.02913382975898816,0.007168804837132961,0.0060705535910402005,0.013565213193497388,0.14063650297493333,0.8010475627270424,0.002377532917365645,0.0,0.0
192,83059,0.0301713239986034,0.00723582032049507,0.00626060992788259,0.013363994269133988,0.1367582080208045,0.8027185494648382,0.0034914939982422133,0.0,0.0
193,83119,0.029932987644220935,0.007218566152143313,0.006147812172908721,0.013895739842875877,0.14068985430527317,0.7991794896473731,0.002935550235204947,0.0,0.0
194,83179,0.02958679474386564,0.007261448202070234,0.006167422065665612,0.014150206181848785,0.1446999843710552,0.7978936991307902,0.0002404453047043124,0.0,0.0
195,83332,0.030072481159698555,0.0073321173138770224,0.006348101569625114,0.014328229251668026,0.14303028848461574,0.7988887822205155,0.0,0.0,0.0
196,83464,0.03063596281031343,0.007332502635866961,0.0063021182785392505,0.014341512508386849,0.14234879708616888,0.7990391066807246,0.0,0.0,0.0
197,83557,0.030697607621144846,0.0071687590507079,0.006462654236030494,0.014780329595366038,0.14464377610493437,0.7962468733918163,0.0,0.0,0.0
198,83601,0.0302149495819428,0.007428140811712778,0.0063037523474599585,0.015023743735122786,0.1499025131278334,0.7911269003959283,0.0,0.0,0.0
199,83774,0.031059756010217966,0.0075560436412252015,0.006350418984410438,0.015076276649079666,0.14880511853319645,0.7911523861818702,0.0,0.0,0.0
200,83847,0.031068493804190966,0.007465979701122282,0.006440301978603885,0.01521819504573807,0.15185993535845052,0.7879470941118942,0.0,0.0,0.0
201,84016,0.0320296134069701,0.007367644258236526,0.006451152161493049,0.015461340697010093,0.1493763092744239,0.7893139402018663,0.0,0.0,0.0
202,83980,0.030852583948559182,0.007418432960228626,0.0064062872112407715,0.01600381043105501,0.1570969278399619,0.7822219576089545,0.0,0.0,0.0
203,84044,0.03055542334967398,0.007555566132026082,0.006472799961924706,0.01617010137546999,0.15879777259530722,0.780448336585598,0.0,0.0,0.0
204,84178,0.03111264225807218,0.0075672978688018245,0.006533773670080068,0.016322554586709115,0.15804604528499133,0.7804176863313455,0.0,0.0,0.0
205,84255,0.031262239629695564,0.0074060886594267406,0.006539671236128419,0.01686546792475224,0.1630170316301703,0.7749095009198267,0.0,0.0,0.0
206,84346,0.03144191781471558,0.007386242382567045,0.006568183434899106,0.017238517534915704,0.16511749223436797,0.7722476465985346,0.0,0.0,0.0
207,84432,0.031386204282736405,0.007710346787947697,0.0065496494220200875,0.017588118249005115,0.16801686564335797,0.7687488156149327,0.0,0.0,0.0
208,84535,0.03167918613592003,0.007724611107825161,0.006541669131129118,0.017945229786478972,0.16790678417223634,0.7682025196664104,0.0,0.0,0.0
209,84629,0.03195122239421475,0.007586052062531756,0.006723463588131728,0.01801982771863073,0.167873896654811,0.7678455375816801,0.0,0.0,0.0
210,84700,0.03190082644628099,0.00756788665879575,0.006765053128689492,0.018547815820543094,0.17160566706021252,0.7636127508854782,0.0,0.0,0.0
211,84827,0.03250144411567072,0.007733386775437066,0.006660615134332229,0.018767609369658246,0.1712544354981315,0.7630825091067702,0.0,0.0,0.0
212,84752,0.030949122144610156,0.0076694355295450255,0.006926090239758354,0.019267981876533887,0.17666839720596564,0.758518973003587,0.0,0.0,0.0
213,84876,0.03151656534238183,0.007811395447476319,0.006880625854187285,0.01934586926810877,0.1747372637730336,0.7597082803148122,0.0,0.0,0.0
214,84962,0.03184953273228031,0.007662249005437725,0.006956050940420423,0.01971469598173301,0.17686730538358325,0.7569501659565453,0.0,0.0,0.0
215,85002,0.03152866991364909,0.007670407755111645,0.006941013152631703,0.020375991153149337,0.18237217947812992,0.7511117385473283,0.0,0.0,0.0
216,85101,0.03175050821964489,0.007814244250948872,0.007050445940705749,0.020505046944219223,0.18341735114746008,0.7494624034970212,0.0,0.0,0.0
217,85208,0.032039245141301284,0.00796873533001596,0.007041592338747535,0.02051450568021782,0.1817904422119989,0.7506454792977185,0.0,0.0,0.0
218,85256,0.03202120671858872,0.007929060711269588,0.007014169090738482,0.02090175471521066,0.18526555315754903,0.7468682556066435,0.0,0.0,0.0
219,85286,0.03171681166897263,0.007797293811411017,0.007234481626527215,0.021527566071805455,0.19072297915249864,0.741000867668785,0.0,0.0,0.0
220,85375,0.03195314787701318,0.007894582723279649,0.007109809663250366,0.021985358711566618,0.1932415812591508,0.7378155197657393,0.0,0.0,0.0
221,85499,0.03251500017544065,0.008093661914174434,0.006982537807459737,0.022035345442636755,0.19285605679598591,0.7375173978643025,0.0,0.0,0.0
222,85531,0.03205855187008219,0.008219242146122458,0.007120225415346483,0.022260934631887854,0.19255006956542073,0.7377909763711403,0.0,0.0,0.0
223,85553,0.03176978013628978,0.008065175972788798,0.007270347036340046,0.023003284513693267,0.19801760312321018,0.731873809217678,0.0,0.0,0.0
224,85623,0.03197738925288766,0.008000186865678615,0.007439589829835442,0.023124627728530887,0.19988788059283136,0.7295703257302361,0.0,0.0,0.0
225,85785,0.03302442151891356,0.00793845077810806,0.007483825843678965,0.023442326747100308,0.19772687532785452,0.7303840997843446,0.0,0.0,0.0
226,85833,0.032842845991634916,0.008097118823762423,0.007409737513543742,0.023965141612200435,0.20239301900201553,0.7252921370568429,0.0,0.0,0.0
227,85886,0.032752718720163936,0.008231842209440421,0.0074168083273176075,0.024474303146030784,0.20422420417763082,0.7229001234194165,0.0,0.0,0.0
228,85934,0.032652966229897364,0.008203970488979915,0.007633765447901879,0.02487955873111923,0.20746154025182117,0.7191681988502805,0.0,0.0,0.0
229,86076,0.03359821553046145,0.00827175984014127,0.007539848505971467,0.024792044239973977,0.20442399739764858,0.7213741344858032,0.0,0.0,0.0
230,86097,0.03338095404021046,0.0080374461363346,0.007863224038003647,0.02523897464487729,0.21090165743289546,0.7145777437076786,0.0,0.0,0.0
231,86161,0.0334722206102529,0.007973445062151089,0.007950232703891552,0.025870173280254406,0.21483037569201843,0.7099035526514316,0.0,0.0,0.0
232,86327,0.03440406825211116,0.008340380182329977,0.00779593869820566,0.025797259258401196,0.21027025148563022,0.7133921021233218,0.0,0.0,0.0
233,86241,0.033023735810113516,0.008325506429656428,0.007815308264050741,0.026796999107153212,0.21667188460245126,0.7073665657865749,0.0,0.0,0.0
234,86259,0.03268064781645973,0.008312176120752617,0.008080316256854358,0.027289905980825188,0.2213450190704738,0.7022919347546343,0.0,0.0,0.0
235,86382,0.03344446759741613,0.00826561089115788,0.008068810631844597,0.027586765761385475,0.22021949017156353,0.7024148549466324,0.0,0.0,0.0
236,86450,0.033672643146327355,0.008074031231925969,0.008328513591671487,0.027738577212261424,0.2215962984384037,0.70058993637941,0.0,0.0,0.0
237,86546,0.03418991056779054,0.008041966122062255,0.008446375337970559,0.02803133593695838,0.2212811683959975,0.7000092436392208,0.0,0.0,0.0
238,86557,0.0337234423559042,0.008121815682151645,0.00831821805284379,0.028755617685455828,0.2263248495211248,0.6947560567025197,0.0,0.0,0.0
239,86696,0.0344537233551721,0.00843176155762665,0.008339485097351666,0.028755651933191843,0.22278997877641413,0.6972293992802436,0.0,0.0,0.0
