,0,1,2,3,4,5,6,7,8,9
0,1247,0.3817161186848436,0.03688853247794707,0.01603849238171612,0.018444266238973536,0.009623095429029671,0.020850040096230954,0.034482758620689655,0.12830793905372895,0.3536487570168404
1,1390,0.3489208633093525,0.04100719424460432,0.015107913669064749,0.015107913669064749,0.017985611510791366,0.02302158273381295,0.039568345323741004,0.218705035971223,0.2805755395683453
2,1511,0.3242885506287227,0.03309066843150232,0.019192587690271344,0.018530774321641297,0.013898080741230973,0.02514890800794176,0.04500330906684315,0.3183322303110523,0.20251489080079418
3,1635,0.3100917431192661,0.03241590214067278,0.015902140672782873,0.01834862385321101,0.014678899082568808,0.02874617737003058,0.060550458715596334,0.3804281345565749,0.13883792048929663
4,1745,0.29054441260744984,0.032664756446991405,0.014326647564469915,0.017765042979942695,0.013180515759312322,0.033810888252149,0.07335243553008595,0.42406876790830944,0.10028653295128939
5,1848,0.28733766233766234,0.02976190476190476,0.013528138528138528,0.01406926406926407,0.017857142857142856,0.035173160173160176,0.0735930735930736,0.4393939393939394,0.08928571428571429
6,1907,0.27949659150498163,0.025170424750917672,0.0173046670162559,0.01782905086523335,0.013109596224436287,0.03513371788148925,0.08442579968536969,0.44677503932878865,0.08075511274252753
7,1969,0.2696800406297613,0.033011681056373796,0.014220416455053326,0.01574403250380904,0.01574403250380904,0.03809040121889284,0.09243270695784662,0.4393092940578974,0.08176739461655663
8,2031,0.26834071885770555,0.028064992614475627,0.013293943870014771,0.01674052191038897,0.014771048744460856,0.04086656819300837,0.0965041851304776,0.4327917282127031,0.08862629246676514
9,2089,0.26184777405457155,0.02537099090473911,0.01292484442316898,0.02202010531354715,0.01292484442316898,0.03973192915270465,0.10818573480134036,0.4150311153662039,0.10196266156055529
10,2154,0.255338904363974,0.03203342618384401,0.008820798514391829,0.017641597028783658,0.014856081708449397,0.04410399257195915,0.11513463324048283,0.39647168059424326,0.11559888579387187
11,2219,0.24785939612438035,0.027039206849932402,0.01757548445245606,0.013970256872465074,0.012618296529968454,0.046417305092383954,0.12618296529968454,0.3830554303740424,0.1252816584046868
12,2306,0.24674761491760624,0.030789245446660885,0.00997398091934085,0.0186470078057242,0.014744145706851692,0.038594969644405897,0.13920208152645272,0.36513443191673894,0.13616652211621855
13,2363,0.23910283537875582,0.030892932712653406,0.010579771476936098,0.012272534913245875,0.015658061785865426,0.04612780363944139,0.14092255607278883,0.3597122302158273,0.14473127380448583
14,2415,0.23478260869565218,0.02111801242236025,0.013664596273291925,0.020289855072463767,0.012008281573498964,0.045548654244306416,0.14658385093167703,0.3523809523809524,0.1536231884057971
15,2495,0.232064128256513,0.026052104208416832,0.013226452905811623,0.012424849699398798,0.018036072144288578,0.043286573146292584,0.14909819639278557,0.35470941883767537,0.15110220440881764
16,2561,0.22998828582584926,0.02420929324482624,0.010933229207340883,0.01483795392424834,0.015618898867629832,0.04529480671612651,0.14798906677079265,0.35884420148379537,0.15228426395939088
17,2620,0.2217557251908397,0.024427480916030534,0.013358778625954198,0.015648854961832062,0.015267175572519083,0.04312977099236641,0.15572519083969466,0.35877862595419846,0.15190839694656488
18,2693,0.22577051615298924,0.021537318975120682,0.011139992573338284,0.016338655774229483,0.014481990345339769,0.04455997029335314,0.1656145562569625,0.35425176383215745,0.14630523579650948
19,2748,0.21761280931586607,0.027292576419213975,0.010553129548762736,0.01564774381368268,0.01455604075691412,0.04585152838427948,0.17467248908296942,0.35189228529839883,0.14119359534206696
20,2818,0.21930447125621008,0.0262597586941093,0.01029098651525905,0.0134847409510291,0.01596877217885025,0.047906316536550746,0.18488289567068844,0.3371185237757275,0.14158977998580555
21,2862,0.21104122990915444,0.023060796645702306,0.015024458420684835,0.011879804332634521,0.012928022361984625,0.05450733752620545,0.20335429769392033,0.32354996505939904,0.13801537386443047
22,2931,0.20573183213920163,0.02524735585124531,0.00989423404981235,0.017059024223814397,0.014329580348004094,0.05015353121801433,0.2094848174684408,0.3200272944387581,0.13715455475946775
23,3016,0.20822281167108753,0.021551724137931036,0.010941644562334218,0.017241379310344827,0.013262599469496022,0.05205570291777188,0.21485411140583555,0.3136604774535809,0.13859416445623343
24,3084,0.20395590142671854,0.02529182879377432,0.009079118028534372,0.013618677042801557,0.013618677042801557,0.05642023346303502,0.21011673151750973,0.31874189364461736,0.14364461738002593
25,3139,0.20006371455877667,0.021025804396304557,0.012105766167569289,0.015291494106403312,0.012424338961452692,0.05670595731124562,0.20962089837527875,0.326218540936604,0.13539343740044602
26,3219,0.20378999689344518,0.018018018018018018,0.010251630941286114,0.015843429636533086,0.014911463187325256,0.05436470953712333,0.20751786269027647,0.33271202236719477,0.13264989127058094
27,3270,0.19357798165137616,0.025382262996941896,0.010703363914373088,0.011620795107033639,0.015596330275229359,0.05657492354740061,0.2036697247706422,0.3400611620795107,0.13730886850152904
28,3312,0.18659420289855072,0.021135265700483092,0.010265700483091788,0.014492753623188406,0.014492753623188406,0.058876811594202896,0.20501207729468598,0.3496376811594203,0.13919082125603865
29,3392,0.18484669811320756,0.024764150943396228,0.010023584905660377,0.013266509433962265,0.013266509433962265,0.060141509433962265,0.19958726415094338,0.3599646226415094,0.13413915094339623
30,3437,0.18126272912423624,0.019784695955775384,0.012219959266802444,0.01571137620017457,0.014256619144602852,0.05557171952283969,0.20308408495781205,0.37125400058190283,0.12685481524585393
31,3501,0.1828049128820337,0.019137389317337904,0.009140245644101685,0.01456726649528706,0.01570979720079977,0.056269637246501,0.20308483290488433,0.3787489288774636,0.12053698943159097
32,3555,0.17637130801687764,0.024753867791842476,0.010970464135021098,0.010970464135021098,0.015189873417721518,0.05850914205344585,0.20253164556962025,0.3859353023909986,0.11476793248945148
33,3616,0.17533185840707965,0.020741150442477877,0.010508849557522125,0.01797566371681416,0.011891592920353982,0.0586283185840708,0.1963495575221239,0.3954646017699115,0.11310840707964602
34,3689,0.17891027378693414,0.016535646516671186,0.012198427758200054,0.01192735158579561,0.018162103551097857,0.057739224722146924,0.19571699647600976,0.39631336405529954,0.11249661154784495
35,3765,0.17768924302788844,0.022045152722443558,0.010358565737051793,0.01248339973439575,0.01248339973439575,0.06108897742363878,0.1952191235059761,0.39229747675962817,0.11633466135458168
36,3817,0.17422059208802726,0.018600995546240503,0.01074141996332198,0.016505108724128897,0.013885250196489389,0.05894681687188892,0.20434896515588158,0.39376473670421797,0.1089861147498035
37,3870,0.17054263565891473,0.020671834625323,0.008268733850129198,0.014470284237726097,0.016795865633074936,0.06046511627906977,0.21421188630490956,0.38733850129198966,0.10723514211886305
38,3937,0.16992633985267971,0.021336042672085345,0.009398018796037593,0.013208026416052832,0.014224028448056897,0.05943611887223774,0.21793243586487174,0.38811277622555246,0.1064262128524257
39,4018,0.1717272274763564,0.020159283225485315,0.0116973618715779,0.013439522150323544,0.014186162269785963,0.05823792931806869,0.22374315579890494,0.38103534096565456,0.10577401692384271
40,4059,0.16654348361665436,0.01823109140182311,0.010347376201034738,0.015028332101502834,0.014781966001478197,0.059374230105937426,0.2448879034244888,0.36782458733678247,0.10298102981029811
41,4126,0.16480853126514786,0.02011633543383422,0.010421715947649055,0.012360639844886088,0.015996122152205527,0.059621909840038775,0.24600096946194863,0.36694134755210855,0.10373242850218128
42,4193,0.1640829954686382,0.020987359885523492,0.009062723586930598,0.01430956355831147,0.016217505366086335,0.06105413784879561,0.2456475077510136,0.3684712616265204,0.1001669449081803
43,4243,0.16356351637991987,0.019561630921517793,0.00919160971011077,0.01296252651425878,0.014612302616073533,0.06363422106999764,0.25123733207636106,0.3704925760075418,0.09474428470421871
44,4291,0.1608016779305523,0.019342810533675134,0.009554882311815428,0.01281752505243533,0.013749708692612444,0.06711722209275227,0.24982521556746679,0.3768352365415987,0.08995572127709159
45,4363,0.16158606463442585,0.019023607609443043,0.009855603942241577,0.013981205592482237,0.013981205592482237,0.06578042631217053,0.25051570020628006,0.3774925509970204,0.08778363511345405
46,4416,0.1587409420289855,0.0192481884057971,0.010643115942028986,0.011322463768115942,0.015398550724637682,0.06521739130434782,0.2572463768115942,0.375,0.08718297101449275
47,4494,0.1593235425011126,0.018914107699154428,0.008678237650200267,0.014018691588785047,0.014463729417000444,0.06408544726301736,0.2621272808188696,0.3709390298175345,0.08744993324432576
48,4526,0.15333627927529828,0.017454706142288997,0.01104728236853734,0.012152010605391074,0.014361467079098541,0.06694653115333628,0.27110030932390633,0.36897923110914715,0.08462218294299602
49,4620,0.15670995670995672,0.01883116883116883,0.007575757575757576,0.01471861471861472,0.016233766233766232,0.06190476190476191,0.2696969696969697,0.37034632034632037,0.08398268398268398
50,4660,0.15021459227467812,0.021673819742489272,0.007725321888412017,0.01201716738197425,0.016738197424892704,0.06330472103004292,0.2796137339055794,0.3675965665236052,0.08111587982832617
51,4717,0.14755140979436082,0.019927920288318846,0.00953996184015264,0.012507949968200127,0.015475938096247616,0.06296374814500742,0.285562857748569,0.36569853720585116,0.08077167691329235
52,4798,0.15027094622759482,0.01792413505627345,0.010004168403501459,0.012922050854522717,0.014589412255106295,0.06419341392246769,0.2853272196748645,0.3651521467278033,0.07961650687786578
53,4866,0.14919852034525277,0.017673653925195234,0.010275380189066995,0.012741471434443074,0.014385532264693794,0.062063296341964655,0.28750513769009456,0.3666255651459104,0.07953144266337854
54,4921,0.14671814671814673,0.019508230034545822,0.00833163991058728,0.013005486689697216,0.013005486689697216,0.06380816907132697,0.29343629343629346,0.368827474090632,0.07335907335907337
55,4989,0.14712367207857285,0.018440569252355182,0.009621166566446182,0.012627781118460614,0.013028663058729205,0.06394066947284024,0.29705351773902583,0.3666065343756264,0.07155742633794347
56,5035,0.14438927507447866,0.01787487586891758,0.008738828202581926,0.013704071499503475,0.014299900695134062,0.06335650446871896,0.30685203574975173,0.364051638530288,0.06673286991062562
57,5112,0.14632237871674492,0.016823161189358372,0.009389671361502348,0.012715179968701095,0.015258215962441314,0.06338028169014084,0.3059467918622848,0.3652190923317684,0.0649452269170579
58,5146,0.13933151962689466,0.018072289156626505,0.009133307423241352,0.012048192771084338,0.015157403808783521,0.06548775748153907,0.3179168286047415,0.36164010882238634,0.06121259230470268
59,5229,0.14209217823675654,0.01778542742398164,0.008605851979345954,0.012813157391470644,0.015299292407726142,0.06368330464716007,0.31707783515012433,0.3618282654427233,0.060814687320711415
60,5274,0.13746681835419036,0.0180128934395146,0.010049298445202881,0.011755783086841108,0.015358361774744027,0.06370875995449374,0.32480091012514223,0.3610163064087979,0.05783086841107319
61,5343,0.1396219352423732,0.016095826314804416,0.00860939547070934,0.012165450121654502,0.015534344001497287,0.06588059142803668,0.3221036870671907,0.36496350364963503,0.055025266704098824
62,5407,0.13648973552801924,0.019604216756056964,0.007397817643795081,0.012576289994451637,0.014425744405400407,0.0643610135010172,0.32605881265026815,0.36489735528019235,0.054189014240798965
63,5473,0.13703636031427005,0.017540654120226568,0.00913575735428467,0.012607345148912845,0.013703636031427005,0.0665083135391924,0.32870454960716244,0.364699433583044,0.05006395030147999
64,5522,0.13618254255704454,0.015574067366896052,0.00796812749003984,0.01430641072075335,0.013219847881202463,0.06664252082578775,0.3297718218036943,0.36997464686707715,0.04636001448750453
65,5571,0.13336923353078442,0.01759109675103213,0.007898043439238916,0.012744570095135523,0.015616585891222402,0.06623586429725363,0.3360258481421648,0.36654101597558786,0.04397774187758033
66,5637,0.13446868901898174,0.017739932588256166,0.007273372361185027,0.013659748092957247,0.01401454674472237,0.06829874046478623,0.3372361185027497,0.3659748092957247,0.04133404293063686
67,5698,0.13478413478413478,0.018603018603018603,0.008248508248508249,0.011407511407511407,0.014742014742014743,0.06967356967356968,0.3495963495963496,0.3560898560898561,0.036855036855036855
68,5742,0.13235806339254616,0.018982932776036226,0.008011145942180425,0.012539184952978056,0.014803204458376872,0.07157784743991641,0.36886102403343785,0.3406478578892372,0.03221873911529084
69,5762,0.1275598750433877,0.018049288441513364,0.009371745921555015,0.012148559527941687,0.01423116973273169,0.07584172162443596,0.381464769177369,0.3330440819160014,0.028288788615064214
70,5817,0.12824479972494413,0.015815712566615094,0.008939315798521575,0.013065153859377687,0.01529998280900808,0.07546845452982637,0.3861096785284511,0.33075468454529827,0.02630221763795771
71,5883,0.12867584565697773,0.017338092809790925,0.007989121196668366,0.013258541560428353,0.014618391976882543,0.07632160462349141,0.38908720040795514,0.32517423083460817,0.027536970933197347
72,5963,0.12996813684387054,0.01777628710380681,0.01006204930404159,0.009894348482307563,0.014589971490860306,0.0771423779976522,0.3946000335401644,0.316619151433842,0.029347643803454636
73,5992,0.1256675567423231,0.015854472630173564,0.010180240320427237,0.0130173564753004,0.012683578104138851,0.07827102803738317,0.4028704939919893,0.3157543391188251,0.02570093457943925
74,6065,0.12778235779060182,0.01599340478153339,0.008408903544929926,0.014014839241549877,0.014014839241549877,0.07831821929101401,0.4014839241549876,0.31574608408903543,0.02423742786479802
75,6114,0.12643114164213282,0.015701668302257114,0.007850834151128557,0.012103369316323193,0.017337258750408896,0.08014393195943735,0.4028459273797841,0.31648675171736995,0.021099116781157997
76,6182,0.12504043998705922,0.017793594306049824,0.008087997411840828,0.011484956324813975,0.015690714978971208,0.08120349401488192,0.40666450986735686,0.31365253963118733,0.020381753477838885
77,6259,0.12733663524524685,0.01789423230548011,0.008308036427544336,0.010864355328327208,0.015497683335996165,0.08036427544336155,0.4072535548809714,0.3117111359642115,0.02077009106886084
78,6287,0.12104342293621759,0.017973596309845713,0.00843009384444091,0.012565611579449657,0.014315253698107206,0.08493717194210275,0.4273898520757118,0.2979163352950533,0.015428662319071099
79,6353,0.12293404690697309,0.0158980009444357,0.008814733196914844,0.012592475995592633,0.014796159294821344,0.08452699512041555,0.43396820399811115,0.2946639382968676,0.011805446245868094
80,6394,0.12136377854238349,0.014544885830466063,0.008758210822646231,0.012980919612136379,0.014388489208633094,0.08805129809196122,0.4430716296527995,0.2891773537691586,0.007663434469815452
81,6460,0.11996904024767802,0.017956656346749224,0.006811145510835914,0.011145510835913313,0.017492260061919503,0.08854489164086687,0.44690402476780183,0.28931888544891643,0.0018575851393188853
82,305030,0.027128479165983675,0.058446710159656426,0.06262007015703373,0.10464872307641872,0.09419401370357014,0.14674622168311313,0.10673376389207619,0.11712946267580238,0.06977674327115366
83,6737,0.1282469942110732,0.015882440255306517,0.008460739201424967,0.011132551580822325,0.015734006234228885,0.08831824254119044,0.4591064271931127,0.26955618227697786,0.003562416505863144
84,6804,0.12933568489124045,0.01646090534979424,0.007495590828924162,0.012051734273956496,0.015726043503821282,0.08759553203997648,0.46222810111699003,0.26778365667254556,0.0013227513227513227
85,6835,0.12479882955376738,0.018288222384784197,0.007900512070226774,0.011558156547183614,0.015654718361375275,0.09158741770299927,0.4718361375274323,0.25793708851499636,0.0004389173372348208
86,6868,0.12201514269073967,0.016598718695398952,0.008881770529994176,0.010920209668025626,0.0157251019219569,0.09595224228305184,0.4778683750728014,0.2520384391380314,0.0
87,6924,0.12160600808781051,0.016031195840554593,0.009532062391681109,0.011409589832466783,0.015453495089543617,0.09719815135759677,0.47761409589832465,0.251155401502022,0.0
88,6983,0.1230130316482887,0.014463697551195762,0.008592295574967778,0.013174853214950594,0.01389087784619791,0.10024344837462408,0.4861807246169268,0.24044107117284835,0.0
89,7023,0.11974939484550762,0.01552043286344867,0.00854335753951303,0.011533532678342588,0.016374768617399973,0.10109639755090417,0.4977929659689591,0.22938914993592482,0.0
90,7078,0.11839502684374117,0.015964961853630968,0.009324667985306585,0.011161345012715457,0.015682396157106527,0.10370161062447018,0.5015541113308845,0.22421588019214467,0.0
91,7165,0.12142358688066993,0.016608513607815772,0.008653175157013259,0.011584089323098396,0.01465457083042568,0.10286113049546407,0.4985345429169574,0.22568039078855548,0.0
92,7214,0.12059883559744941,0.015109509287496534,0.009010257831993346,0.01136678680343776,0.01455503188245079,0.1056279456612143,0.5042971998891045,0.21943443304685334,0.0
93,7259,0.11723377875740461,0.017082242733158837,0.0078523212563714,0.013087202093952335,0.014327042292326767,0.10883041741286678,0.5084722413555586,0.21311475409836064,0.0
94,7314,0.11744599398414,0.015176374077112387,0.008613617719442166,0.01326223680612524,0.014902925895542795,0.11143013398960896,0.5128520645337709,0.20631665299425758,0.0
95,7381,0.11963148624847582,0.014225714672808563,0.00880639479745292,0.010703156753827395,0.017206340604254165,0.11150250643544235,0.5146999051619022,0.2032244953258366,0.0
96,7426,0.11607864260705629,0.01723673579315917,0.0061944519256665765,0.012119579854565042,0.016159439806086723,0.11473202262321573,0.519122003770536,0.19835712361971453,0.0
97,7482,0.11520983694199412,0.01643945469125902,0.009222133119486768,0.010157711841753542,0.017241379310344827,0.11120021384656509,0.5225875434375835,0.1979417268110131,0.0
98,7518,0.11252992817238627,0.01596169193934557,0.007315775472200053,0.012902367650971002,0.016227720138334664,0.1151902101622772,0.5289970736898111,0.1908752327746741,0.0
99,7578,0.11335444708366324,0.015307468989179203,0.007257851675903933,0.0128002111375033,0.01609923462655054,0.1177091580892056,0.5321984692531011,0.18527315914489312,0.0
100,7643,0.11435300274761219,0.013868899646735575,0.009551223341619782,0.01099044877665838,0.01792489860002617,0.11853984037681539,0.535784377862096,0.17898730864843648,0.0
101,7698,0.1141855027279813,0.014679137438295662,0.00883346323720447,0.011561444531047025,0.01675759937646142,0.11886204208885424,0.541179527149909,0.17394128345024681,0.0
102,7740,0.11304909560723514,0.015762273901808784,0.008268733850129198,0.010465116279069767,0.01757105943152455,0.12390180878552971,0.5410852713178295,0.1698966408268734,0.0
103,7787,0.11185308848080133,0.016566071657891358,0.007576730448182869,0.011300886092204957,0.01810710157955567,0.12559393861564144,0.5452677539488892,0.16373442917683317,0.0
104,7831,0.1113523177116588,0.014685225386285276,0.00919422806793513,0.012258970757246839,0.015962201506831822,0.126803728770272,0.5466734772059763,0.1630698505937939,0.0
105,7890,0.11128010139416984,0.015335868187579213,0.008491761723700888,0.012801013941698353,0.01596958174904943,0.13067173637515841,0.5447401774397972,0.16070975918884664,0.0
106,7934,0.11091504915553314,0.013612301487269978,0.008948827829594152,0.013360221830098312,0.016385177716158307,0.13763549281572976,0.5426014620620115,0.15654146710360473,0.0
107,7972,0.10900652282990467,0.014801806322127445,0.007150025087807326,0.013171098845960863,0.017561465127947817,0.14024084295032613,0.5455343702960361,0.15253386853988962,0.0
108,8017,0.10702257702382437,0.01683921666458775,0.0067356866658351,0.0112261444430585,0.018959710614943247,0.14494199825371087,0.5472121741299738,0.14706249220406636,0.0
109,8085,0.10773036487322202,0.014965986394557823,0.009400123685837971,0.011131725417439703,0.018429189857761288,0.14570191713048855,0.5468150896722326,0.14582560296846012,0.0
110,8140,0.10835380835380835,0.014373464373464373,0.0085995085995086,0.011425061425061426,0.01818181818181818,0.14717444717444716,0.5453316953316953,0.14545454545454545,0.0011056511056511057
111,8201,0.10718205096939398,0.016095598097792953,0.007803926350445068,0.011340080477990488,0.018534325082307037,0.14985977319839044,0.5448116083404463,0.14364101938787951,0.0007316180953542251
112,8241,0.10714719087489383,0.01395461715811188,0.008494114791894188,0.01322655017594952,0.016745540589734254,0.15362213323625773,0.5449581361485256,0.14185171702463292,0.0
113,8331,0.11019085343896291,0.014764133957508103,0.007322050174048734,0.014163965910454927,0.01620453727043572,0.1544832553114872,0.5426719481454807,0.14019925579162165,0.0
114,8350,0.10718562874251497,0.014970059880239521,0.007544910179640718,0.011616766467065867,0.019640718562874252,0.16119760479041917,0.5453892215568862,0.13245508982035928,0.0
115,8413,0.10673956971353857,0.016640912872934743,0.007488410792820635,0.011054320694163794,0.020444550101034114,0.16272435516462616,0.5447521692618567,0.13015571139902532,0.0
116,8474,0.10821335850837857,0.0145149870191173,0.008496577767288176,0.012154826528203919,0.018999291951852727,0.1646211942412084,0.5438989851309889,0.129100778852962,0.0
117,8502,0.10503410962126558,0.014114326040931546,0.009880028228652082,0.011644318983768526,0.01846624323688544,0.17219477769936486,0.5430486944248412,0.12561750176429076,0.0
118,8554,0.10544774374561608,0.013210194061257891,0.008417114800093524,0.012391863455693243,0.01917231704465747,0.17664250642974047,0.5407996259060088,0.12391863455693243,0.0
119,8602,0.10358056265984655,0.014182748198093467,0.008021390374331552,0.013717740060451058,0.018949081608928157,0.1799581492676122,0.5398744478028366,0.12171588002790049,0.0
120,8669,0.10347214211558427,0.01488060906678971,0.00784404198869535,0.01384242703887415,0.018456569385165534,0.18214326911985235,0.5405467758680356,0.11881416541700311,0.0
121,8709,0.1026524285222184,0.014467791939373063,0.007233895969686531,0.013664025720519004,0.019864507980250315,0.18647376277414168,0.5413939602709841,0.11424962682282697,0.0
122,8772,0.10259917920656635,0.016187870497036023,0.006497948016415869,0.011741906064751482,0.02165982672138623,0.1883264933880529,0.5405836753305974,0.1124031007751938,0.0
123,8818,0.10195055568156045,0.015196189612156952,0.00839192560671354,0.011680653209344522,0.020753005216602404,0.19210705375368564,0.5394647312315718,0.1104558856883647,0.0
124,8879,0.10203851785110936,0.015542290798513346,0.007658520103615272,0.012050906633629913,0.020723054398017794,0.19585538912039643,0.5382362878702557,0.10789503322446221,0.0
125,8932,0.10288849081952531,0.013434841021047918,0.00850873264666368,0.012203313927451859,0.02037617554858934,0.2074563367666816,0.5309001343484102,0.1042319749216301,0.0
126,8990,0.10255839822024472,0.014460511679644048,0.007452725250278087,0.013014460511679643,0.0203559510567297,0.21268075639599554,0.5264738598442714,0.10300333704115684,0.0
127,9025,0.1007202216066482,0.014847645429362882,0.007867036011080332,0.01152354570637119,0.02227146814404432,0.21850415512465374,0.5253185595567867,0.09894736842105263,0.0
128,9090,0.10165016501650165,0.01419141914191419,0.007920792079207921,0.012651265126512651,0.021012101210121013,0.21738173817381737,0.5289328932893289,0.09625962596259625,0.0
129,9133,0.10073360341618308,0.014672068323661448,0.007664513303405234,0.012044235191065367,0.02266506076864119,0.21679623343917662,0.5295083762181102,0.09591590933975692,0.0
130,9191,0.10075073441410075,0.015885104994015884,0.007180937874007181,0.012403438146012403,0.022195626156022195,0.21564574039821566,0.5333478402785333,0.09259057773909259,0.0
131,9218,0.0982859622477761,0.015187676285528313,0.009112605771316989,0.011607724018225211,0.022673031026252982,0.22108917335647646,0.5333044044261228,0.08873942286830115,0.0
132,9290,0.10161463939720129,0.013455328310010764,0.009795479009687837,0.011302475780409042,0.022066738428417654,0.22185145317545749,0.5298170075349838,0.09009687836383208,0.0
133,9344,0.10231164383561644,0.012842465753424657,0.008454623287671234,0.013377568493150685,0.022688356164383562,0.2228167808219178,0.530714897260274,0.08679366438356165,0.0
134,9399,0.1024577082668369,0.013192892860942653,0.007766783700393659,0.01393765294180232,0.02191722523672731,0.2220448983934461,0.5340993722736461,0.08458346632620492,0.0
135,9432,0.10019083969465649,0.014737065309584393,0.007421543681085666,0.011768447837150127,0.024173027989821884,0.22561492790500423,0.5344571670907549,0.08163698049194232,0.0
136,9456,0.09813874788494077,0.01364213197969543,0.008354483925549916,0.012267343485617596,0.024005922165820644,0.23001269035532995,0.5328891708967851,0.08068950930626058,0.0
137,9545,0.09952854897852279,0.016343635411210058,0.006705081194342588,0.013410162388685176,0.02325825039287585,0.2326872708224201,0.5265584075432164,0.08150864326872709,0.0
138,9575,0.09911227154046998,0.014934725848563968,0.0069973890339425585,0.013577023498694517,0.02234986945169713,0.24156657963446476,0.52177545691906,0.07968668407310706,0.0
139,9593,0.09517356405712499,0.01563640154279162,0.0075054727405399774,0.012717606588137184,0.023141874283331598,0.2529969769623684,0.5152715521734598,0.07755655165224642,0.0
140,9660,0.0974120082815735,0.014492753623188406,0.008281573498964804,0.013043478260869565,0.02267080745341615,0.25590062111801243,0.512111801242236,0.07608695652173914,0.0
141,9740,0.09989733059548254,0.013655030800821356,0.008521560574948666,0.012833675564681724,0.023613963039014373,0.2526694045174538,0.5127310061601643,0.07607802874743326,0.0
142,9778,0.09858866843935365,0.01452239721824504,0.006954387400286357,0.013192881979955001,0.0231131110656576,0.2565964409899775,0.5112497443239926,0.07578236858253222,0.0
143,9824,0.0985342019543974,0.01353827361563518,0.0074307817589576546,0.012520358306188925,0.024938925081433225,0.2602809446254072,0.5086522801302932,0.0741042345276873,0.0
144,9853,0.0949964477824013,0.01552826550289252,0.007104435197401807,0.013092459149497615,0.025169998985080686,0.26489394093169594,0.5086775601339694,0.0705368923170608,0.0
145,9919,0.09587660046375643,0.015324125415868535,0.008569412239137009,0.011493094061901401,0.025909869946567195,0.2696844439963706,0.5029740901300535,0.0701683637463454,0.0
146,9966,0.09652819586594422,0.014248444712020872,0.008830022075055188,0.012341962673088501,0.024081878386514148,0.2732289785269918,0.5,0.07074051776038531,0.0
147,10008,0.09582334132693845,0.013988808952837729,0.007394084732214229,0.013389288569144684,0.02498001598721023,0.2855715427657874,0.4863109512390088,0.0725419664268585,0.0
148,10044,0.09388689765033852,0.015332536837913182,0.007268020708880924,0.012943050577459179,0.025985663082437275,0.29171644763042615,0.48486658701712465,0.06800079649542015,0.0
149,10098,0.09477124183006536,0.012972865914042385,0.00920974450386215,0.012675777381659734,0.0255496137849079,0.2997623291740939,0.47870865517924344,0.06634977223212517,0.0
150,10155,0.09601181683899557,0.012210733628754309,0.007680945347119645,0.014377154111275233,0.025701624815361892,0.3000492368291482,0.4771048744460857,0.06686361398325948,0.0
151,10187,0.09345243938352803,0.013350348483361146,0.007951310493766565,0.01364484146461176,0.025719053695886916,0.3062727005006381,0.47423186414057134,0.0653774418376362,0.0
152,10243,0.09274626574245827,0.014546519574343454,0.007614956555696573,0.012886849555794201,0.02684760324123792,0.3064531875427121,0.4748608806013863,0.06404373718637119,0.0
153,10295,0.09208353569694026,0.014667314230208839,0.008742107819329771,0.012336085478387568,0.026711996114618747,0.318795531811559,0.4646915978630403,0.061971830985915494,0.0
154,10328,0.09101471727343145,0.01471727343144849,0.007261812548412083,0.013749031758326879,0.028175832687838884,0.3274593338497289,0.4560418280402789,0.06158017041053447,0.0
155,10380,0.09132947976878612,0.014739884393063583,0.00674373795761079,0.0151252408477842,0.026589595375722544,0.3329479768786127,0.451252408477842,0.06127167630057803,0.0
156,10439,0.09282498323594214,0.01360283552064374,0.007663569307404924,0.014560781684069355,0.026439314110546987,0.33968770955072325,0.44487019829485586,0.060350608295813776,0.0
157,10509,0.09449043676848416,0.013892853744409553,0.0078028356646683795,0.014558949471881244,0.0252164811114283,0.34484727376534396,0.43886192787134837,0.06032924160243601,0.0
158,10510,0.09058039961941008,0.014272121788772598,0.006945765937202664,0.015033301617507136,0.027117031398667935,0.35813510941960036,0.43063748810656516,0.057278782112274024,0.0
159,10572,0.09137343927355278,0.014188422247446084,0.007567158531971245,0.014661369655694288,0.02695800227014756,0.36256148316307224,0.4240446462353386,0.05864547862277715,0.0
160,10627,0.09221793544744519,0.013268090712336502,0.008280794203444058,0.013832690317116777,0.027665380634233554,0.3732003387597629,0.414227910040463,0.05730685988519808,0.0
161,10652,0.08965452497183628,0.014363499812241833,0.00797972211791213,0.01286143447239955,0.02929027412692452,0.38443484791588434,0.405276004506196,0.05613969207660533,0.0
162,10701,0.08849640220540136,0.015606018129146809,0.007102139986917111,0.01345668629100084,0.029529950471918514,0.39080459770114945,0.39921502663302494,0.05578917858144099,0.0
163,10731,0.08806262230919765,0.013885006057217408,0.00820054049016867,0.01332587829652409,0.02972695927686143,0.39940359705526046,0.39213493616624734,0.05526046034852297,0.0
164,10805,0.08977325312355391,0.012864414622859787,0.009625173530772791,0.013049514113836187,0.030726515502082368,0.393984266543267,0.3938917167977788,0.056085145765849144,0.0
165,10822,0.08815376085751248,0.01302901496950656,0.0072999445573831085,0.015801145814082426,0.030308630567362778,0.40787285159859543,0.3841249306967289,0.053409720938828315,0.0
166,10893,0.08904801248508216,0.013678509134306436,0.008170384650693106,0.014321123657394658,0.03057009088405398,0.3987882126136051,0.3903424217387313,0.055081244836133296,0.0
167,10917,0.08775304570852799,0.014106439498030594,0.007144820005496016,0.014014839241549877,0.031968489511770636,0.4074379408262343,0.3846294769625355,0.05294494824585509,0.0
168,10985,0.08957669549385526,0.013654984069185253,0.007373691397360036,0.014110150204824761,0.03149749658625398,0.40291306326809284,0.3877105143377333,0.05316340464269458,0.0
169,11017,0.08813651629300172,0.012435327221566669,0.008532268312607788,0.013706090587274213,0.0324952346373786,0.4111827176182264,0.3805936280294091,0.05291821730053554,0.0
170,11071,0.08851955559570047,0.012735976876524252,0.0077680426339084094,0.01427152018787824,0.03242706169271069,0.42028723692530034,0.37133050311624966,0.052660102971727935,0.0
171,11120,0.08705035971223021,0.014028776978417265,0.008273381294964029,0.013489208633093525,0.03246402877697842,0.42769784172661873,0.3635791366906475,0.05341726618705036,0.0
172,11194,0.0886189029837413,0.013757370019653386,0.007861354296944793,0.013578702876541004,0.033500089333571556,0.42093978917277114,0.36608897623727,0.05565481507950688,0.0
173,11232,0.08814102564102565,0.012642450142450143,0.008725071225071225,0.014334045584045585,0.03303062678062678,0.44186253561253563,0.34659900284900286,0.05466524216524216,0.0
174,11284,0.08791208791208792,0.01444523218716767,0.006557958170861397,0.01533144275079759,0.033498759305210915,0.4487770294221907,0.3389755405884438,0.054501949663239985,0.0
175,11340,0.08871252204585538,0.013932980599647267,0.0068783068783068784,0.015961199294532626,0.03289241622574956,0.45573192239858906,0.3291005291005291,0.056790123456790124,0.0
176,11388,0.08904109589041095,0.013523006673691605,0.006585879873551107,0.01563048823322796,0.03398314014752371,0.46171408500175626,0.3224446786090622,0.05707762557077625,0.0
177,11395,0.08512505484861782,0.014129003949100483,0.007020623080298377,0.015620886353663887,0.03483984203598069,0.4827555945590171,0.30697674418604654,0.05353225098727512,0.0
178,11425,0.08350109409190372,0.0137417943107221,0.007789934354485777,0.01400437636761488,0.03649890590809628,0.489890590809628,0.3022319474835886,0.052341356673960615,0.0
179,11479,0.08380520951302378,0.013154455963062984,0.008537329035630281,0.014025611987106891,0.03606585939541772,0.49124488195835875,0.30063594389755205,0.05253070824984755,0.0
180,11534,0.0847927865441304,0.012138026703658747,0.008843419455522802,0.01430553147216924,0.036674180683197506,0.49583839084445985,0.29486734870816717,0.05254031558869429,0.0
181,11572,0.08295886622882821,0.012789491876944349,0.007518147251987556,0.014777048047010024,0.03862772208779813,0.5077773937089527,0.2839612858624265,0.05159004493605254,0.0
182,11640,0.08419243986254296,0.013573883161512028,0.008247422680412371,0.01365979381443299,0.038316151202749144,0.5043814432989691,0.2852233676975945,0.05240549828178694,0.0
183,11707,0.08465020927650124,0.013581617835483045,0.008371060049543008,0.01477748355684633,0.03724267532245665,0.5044844964551123,0.2828222431024174,0.054070214401640046,0.0
184,11743,0.08473132930256323,0.012603253001788299,0.007578983224048369,0.015668909137358425,0.038405858809503535,0.5140935025121349,0.2741207527888955,0.05279741122370774,0.0
185,11765,0.08304292392690182,0.01181470463238419,0.008074798130046749,0.015639609009774756,0.03935401614959626,0.5230769230769231,0.26672333191670206,0.05227369315767106,0.0
186,11826,0.08303737527481819,0.01293759512937595,0.0076103500761035,0.014797902925756806,0.039996617622188396,0.5228310502283106,0.2661085743277524,0.05268053441569423,0.0
187,11874,0.08228061310426141,0.013980124642075122,0.007579585649317837,0.014569647970355398,0.040340239178036044,0.5252652854977261,0.26486440963449553,0.051120094323732525,0.0
188,11909,0.08195482408262658,0.012427575783021245,0.00848098077084558,0.014442858342430094,0.04114535225459736,0.5264085985389202,0.26509362666890585,0.05004618355865312,0.0
189,11942,0.08047228269971529,0.013063138502763355,0.007033997655334115,0.016077708926477977,0.041450343326076035,0.5388544632389884,0.2527214871880757,0.050326578462569084,0.0
190,11996,0.08019339779926642,0.013587862620873624,0.007169056352117373,0.016005335111703902,0.04126375458486162,0.5437645881960653,0.24616538846282093,0.05185061687229076,0.0
191,12075,0.08149068322981366,0.01391304347826087,0.008033126293995859,0.015486542443064182,0.04149068322981366,0.5429399585921325,0.24372670807453417,0.052919254658385095,0.0
192,12142,0.08318234228298468,0.014165705814528085,0.006835776643057157,0.015895239663976282,0.04167352989622797,0.5466150551803657,0.23776972492175918,0.05386262559710097,0.0
193,12188,0.08352477847062685,0.012963570725303577,0.007630456186412865,0.01526091237282573,0.04225467673121103,0.5536593370528389,0.23006235641614703,0.05464391204463406,0.0
194,12233,0.08248181149350119,0.013406359846317339,0.007520640889397532,0.01618572713152947,0.04291670072754026,0.5658464808305403,0.2163001716668029,0.05534210741437096,0.0
195,12278,0.08258674051148396,0.012868545365694739,0.007248737579410328,0.015719172503665092,0.043248086007493074,0.5691480697181951,0.21298257045121355,0.056198077862844115,0.0
196,12351,0.08363695247348393,0.01303538175046555,0.007853615091895394,0.015626265079750627,0.04258764472512347,0.563760019431625,0.21641972309934418,0.05708039834831188,0.0
197,12388,0.08290280917016468,0.013319341298030352,0.007426541814659348,0.014853083629318696,0.043509848240232483,0.566112366806587,0.21496609622215046,0.05690991281885696,0.0
198,12406,0.0808479767854264,0.01160728679671127,0.00870546509753345,0.01523456392068354,0.04513944865387716,0.5868934386587136,0.19409962921167176,0.05747219087538288,0.0
199,12441,0.0790129410819066,0.012699943734426494,0.00908287115183667,0.01430753154891086,0.04670042601077084,0.6059802266698818,0.17442327787155373,0.057792781930712966,0.0
200,12489,0.07967010969653295,0.012090639762991432,0.008487468972695972,0.015453599167267195,0.04668107934982785,0.6089358635599328,0.17063015453599167,0.05805108495476019,0.0
201,12554,0.08013382188943763,0.012346662418352717,0.008284212203281823,0.015771865540863468,0.04691731718974032,0.6010833200573522,0.1777122829377091,0.057750517763262704,0.0
202,12582,0.0783659195676363,0.01335240820219361,0.007312033063106025,0.016054681290732793,0.04824352249244953,0.6301065013511365,0.14902241297091082,0.05754252106183436,0.0
203,12622,0.07811757249247346,0.012438599271113928,0.007843447948027254,0.01584534938995405,0.049675170337505944,0.6321502139122168,0.14601489462842657,0.05791475202028205,0.0
204,12710,0.08103855232100708,0.012273800157356412,0.007238394964594807,0.016994492525570417,0.04822974036191975,0.6235247836349331,0.15295043273013376,0.057749803304484655,0.0
205,12744,0.07988072818581293,0.012162586315128688,0.007768361581920904,0.01694915254237288,0.04943502824858757,0.6324544883866918,0.14461707470182047,0.056732580037664786,0.0
206,12784,0.07955256570713391,0.012515644555694618,0.00743116395494368,0.01713078848560701,0.04998435544430538,0.6362640801001251,0.13986232790988737,0.05725907384230288,0.0
207,12928,0.08083230198019802,0.012376237623762377,0.008972772277227722,0.01608910891089109,0.050974628712871284,0.6336633663366337,0.13714418316831684,0.05994740099009901,0.0
208,13016,0.08374308543331284,0.012753534111862324,0.00806699446834665,0.015826674861708665,0.05070682237246466,0.628380454824831,0.1405961893054702,0.05992624462200369,0.0
209,12999,0.07969843834141088,0.01223171013154858,0.008077544426494346,0.01646280483114086,0.05361950919301485,0.6369720747749827,0.13477959843064852,0.05815831987075929,0.0
210,13019,0.07727167985252323,0.013288270988555189,0.0076042706813119285,0.016975190106767034,0.05530378677317766,0.6367616560411706,0.1353406559643598,0.057454489592134575,0.0
211,13089,0.07892123156849262,0.012606005042402018,0.00786920314768126,0.016655206662082665,0.05470242188096875,0.6370998548399419,0.1349988539995416,0.057147222858889145,0.0
212,13120,0.07842987804878049,0.011661585365853658,0.008231707317073171,0.01676829268292683,0.05617378048780488,0.6355182926829268,0.13620426829268292,0.05701219512195122,0.0
213,13169,0.07806211557445517,0.012225681524793074,0.007821398739463893,0.01678183613030602,0.05680006074872807,0.6363429265699749,0.13524185587364265,0.05672412483863619,0.0
214,13221,0.07798199833598064,0.012555782467286893,0.00779063610922018,0.01671583087512291,0.058165040465925424,0.6342182890855457,0.13682777399591559,0.055744648665002644,0.0
215,13276,0.07878879180476046,0.012353118409159385,0.007758360952094004,0.017173847544441095,0.05799939740885809,0.6347544441096716,0.13445314853871648,0.05671889123229888,0.0
216,13308,0.07777276825969341,0.0123234144875263,0.008415990381725278,0.01638112413585813,0.059513074842200184,0.6361587015329125,0.13450556056507365,0.05492936579501052,0.0
217,13352,0.07706710605152786,0.012282804074295986,0.008612941881366087,0.016626722588376275,0.05811863391252247,0.6348112642300779,0.13653385260635112,0.05594667465548232,0.0
218,13420,0.07771982116244411,0.012220566318926976,0.00856929955290611,0.0169150521609538,0.058420268256333834,0.631371087928465,0.1379284649776453,0.05685543964232489,0.0
219,13421,0.07532970717532225,0.011772595186647791,0.008345130765218688,0.01788242306832576,0.06080023843230758,0.6401907458460622,0.13173384993666643,0.05394530958944937,0.0
220,13473,0.07555852445632005,0.011504490462406295,0.007941809545015957,0.01848140725896237,0.06004601796184963,0.6390558895568915,0.13233875157722852,0.055073109181325616,0.0
