,0,1,2,3,4,5,6,7,8,9
0,285644,0.07753357325902172,0.10197308537900324,0.1277954376776687,0.15057904244444134,0.14227499964991389,0.11555292601980087,0.0915860301634202,0.0692435339093417,0.04788127879458347
1,1494,0.10508701472556894,0.03614457831325301,0.03279785809906292,0.03413654618473896,0.03815261044176707,0.05287817938420348,0.12248995983935743,0.5589022757697456,0.019410977242302542
2,2236,0.08452593917710197,0.03354203935599284,0.0259391771019678,0.025491949910554562,0.026833631484794274,0.046511627906976744,0.16323792486583183,0.4754025044722719,0.11851520572450805
3,2853,0.07500876270592359,0.02909218366631616,0.023834560112162635,0.025236593059936908,0.023834560112162635,0.03925692253767964,0.15282159130739573,0.4808973010865755,0.15001752541184718
4,3378,0.07134399052693902,0.02605091770278271,0.021314387211367674,0.021906453522794554,0.023682652457075192,0.03700414446417999,0.21965660153937241,0.4197750148016578,0.15926583777383066
5,3994,0.061342013019529296,0.024036054081121683,0.021532298447671506,0.01927891837756635,0.021782674011016526,0.040811216825237855,0.20906359539308964,0.4616925388082123,0.14046069103655484
6,4636,0.05823986194995686,0.022433132010353754,0.021354616048317517,0.01898188093183779,0.02200172562553926,0.038610871440897324,0.17752372735116478,0.5248058671268335,0.11604831751509923
7,5269,0.05503890681343709,0.021635984057695956,0.017650408047067755,0.020117669386980452,0.020687037388498766,0.03643955209717214,0.16094135509584362,0.5295122414120327,0.13797684570127158
8,5924,0.05351114112086428,0.02076299797434166,0.01823092505064146,0.01688048615800135,0.022451046590141795,0.03848750844024308,0.15344361917623228,0.5084402430790007,0.16779203241053342
9,6724,0.05160618679357525,0.022308149910767402,0.01635930993456276,0.01635930993456276,0.022903033908387865,0.04149315883402736,0.14812611540749554,0.5233491969066032,0.15749553837001784
10,7359,0.05218100285364859,0.020383204239706482,0.016850115504824025,0.015763011278706347,0.02133442043755945,0.039679304253295286,0.16129908955021063,0.48471259682022017,0.18779725506182907
11,8006,0.05146140394703972,0.019235573320009993,0.016612540594554085,0.014988758431176618,0.021483887084686484,0.039470397202098426,0.15625780664501623,0.47639270547089685,0.2040969273045216
12,8599,0.04791254797069427,0.018141644377253168,0.016513548086986858,0.015350622165368066,0.019188277706710083,0.042911966507733455,0.17816025119199908,0.45854169089429003,0.203279451098965
13,9179,0.04499400806188038,0.01830264734720558,0.015796927769909576,0.013400152522061226,0.02091731125394923,0.04477611940298507,0.17801503431746377,0.4772851073101645,0.18651269201438064
14,9777,0.04459445637721182,0.016671780709829193,0.01452388258156899,0.01472844430806996,0.019944768333844738,0.04643551191572057,0.18717397974838906,0.4433875421908561,0.21253963383450955
15,10383,0.041606472117885006,0.01752865260522007,0.014157757873446981,0.012424154868535105,0.019840123278435904,0.04671096985456997,0.21313685832610998,0.43234132716941154,0.20225368390638543
16,10993,0.039661602838169746,0.017192759028472664,0.013645046847994178,0.013372145911034295,0.018466296734285455,0.04721186209405986,0.2028563631401801,0.42918220685891023,0.21841171654689348
17,11566,0.03804253847484005,0.015303475704651565,0.014352412242780563,0.012450285319038561,0.01867542797855784,0.04738025246411897,0.19738889849559052,0.43238803389244335,0.22401867542797857
18,12173,0.038117144500123226,0.015361866425696213,0.013554588022673128,0.013225991949396205,0.01659410170048468,0.04970015608313481,0.20315452230345848,0.4133738601823708,0.23691776883266244
19,289085,0.07211719736409707,0.09742117370323607,0.1217877094972067,0.14764169707871388,0.1454831623916841,0.11902035733434803,0.09429406575920576,0.07219675873877925,0.05005794143590985
20,17562,0.03177314656645029,0.012470105910488555,0.011445165698667577,0.012242341418972782,0.017196219109440837,0.05187336294271723,0.21318756405876324,0.4747750825646282,0.17503701172987132
21,18165,0.031268923754472884,0.013157170382603908,0.0109551334984861,0.012056151940545004,0.017010734929810076,0.05262868153041563,0.21756124415083952,0.49705477566749245,0.14830718414533445
22,18756,0.031136702921731714,0.012476007677543186,0.010876519513755598,0.01215611004478567,0.016421411814885902,0.05182341650671785,0.20478780123693752,0.5212731925783749,0.13904883770526766
23,19326,0.030063127393149126,0.012625478629825106,0.01055572803477181,0.012004553451309118,0.01635102970092104,0.050501914519300424,0.204543102556142,0.5164545172306737,0.14690054848390768
24,19918,0.02967165378050005,0.01295310774174114,0.009689727884325736,0.011898785018576162,0.015814840847474646,0.05070790239983934,0.20649663620845465,0.5115473441108545,0.15122000200823377
25,20499,0.028489194594858287,0.012585979803892873,0.010244402165959315,0.010976145177813552,0.016732523537733548,0.047660861505439286,0.20444899751207377,0.5439777550124396,0.12488414068978974
26,21094,0.02929743054897127,0.012325779842609273,0.00981321702853892,0.010950981321702854,0.016355361714231534,0.04693277709301223,0.20493979330615342,0.5924433488195695,0.07694131032521095
27,21669,0.02815081452766625,0.012829387604411832,0.009368221883797129,0.011675665697540265,0.015690617933453322,0.047625640315658316,0.21006968480317503,0.5744150629932161,0.09017490424108172
28,22210,0.02719495722647456,0.011886537595677623,0.010445745159837911,0.010535794687077892,0.01620891490319676,0.04727600180099054,0.21688428635749663,0.6129221071589375,0.04664565511031067
29,22781,0.027303454633247005,0.011061849787103287,0.01040340634739476,0.010359510118080856,0.0158465387823186,0.04670558798999166,0.21715464641587287,0.6332470040823494,0.02791800184364163
30,23371,0.02734157716828548,0.011509991014505156,0.00958452783363998,0.010654229600787301,0.015788798083094434,0.04488468614950152,0.22613495357494331,0.6373711009370587,0.016730135638184075
31,23932,0.026909577135216446,0.011114825338458968,0.009610563262577303,0.010446264415844893,0.016212602373391276,0.04437573123850911,0.2393448102958382,0.6361357178672906,0.005849908072873141
32,24465,0.025464949928469243,0.011158798283261802,0.009278561209891682,0.010423053341508276,0.015614142652769262,0.04443081953811567,0.24438994481912937,0.6380543633762518,0.0011853668506029021
33,0,,,,,,,,,
34,25366,0.019120081999526927,0.010801860758495624,0.008751872585350469,0.011550894898683276,0.017976819364503665,0.057478514547031456,0.38756603327288497,0.4867539225735236,0.0
35,26189,0.026537859406621102,0.011226087288556265,0.008667761273817251,0.010920615525602351,0.015044484325480164,0.04062774447287029,0.25132689297033106,0.6337393562182596,0.0019091985184619498
36,26750,0.027065420560747663,0.010728971962616822,0.009009345794392524,0.010280373831775701,0.01514018691588785,0.04,0.2485981308411215,0.6391028037383177,7.476635514018692e-05
37,27235,0.025298329355608593,0.010060583807600514,0.009583256838626767,0.01009730126675234,0.015017440793097117,0.04049935744446484,0.26484303286212596,0.6246006976317239,0.0
38,27762,0.02456595346156617,0.009797565016929617,0.009473380880340034,0.00976154455730855,0.015416756717815719,0.04088322166990851,0.27912254160363087,0.6109790360925006,0.0
39,28338,0.024278354153433553,0.011045239607594043,0.00818688686569271,0.010657068247582752,0.015068106429529254,0.03955819041569624,0.28724680640835626,0.6039593478721151,0.0
40,28867,0.023937367928776803,0.011119963972702394,0.008210066858350365,0.009768940312467523,0.015450168011916721,0.03911040288218381,0.2981951709564555,0.5924065541968337,0.0018013648803131604
41,29405,0.023533412684917532,0.01054242475769427,0.00874001020234654,0.009454174460125829,0.015269511987757185,0.03866689338547866,0.3094371705492263,0.5813637136541404,0.002992688318313212
42,29952,0.023704594017094016,0.010116185897435898,0.008480235042735042,0.010283119658119658,0.014322916666666666,0.03842815170940171,0.32398504273504275,0.5651375534188035,0.005542200854700855
43,30489,0.02331988586047427,0.009478828429925546,0.008691659286955951,0.010397192430056741,0.014661025287808717,0.038669684148381386,0.3333333333333333,0.5550854406507265,0.0063629505723375645
44,31051,0.02357411999613539,0.009597114424656212,0.008856397539531739,0.009339473768960741,0.015104183440146855,0.03825963737077711,0.3369939776496731,0.5500305948278639,0.008244500982255
45,31613,0.02375604972637839,0.00942650175560687,0.008983645968430709,0.009268338974472528,0.014645873533040204,0.03821212792205738,0.3448264954290956,0.5375636605194066,0.013317306171511719
46,32154,0.023200845928966846,0.00961000186601978,0.008521490327797475,0.009578901536356285,0.014554954282515395,0.037849101200472725,0.35998631585494806,0.5262175779063258,0.010480811096597624
47,32687,0.023189647260378744,0.00914736745495151,0.008627283017713464,0.009422706274665769,0.014501177838284333,0.03833328234466302,0.38229265457215406,0.5040230060880473,0.01046287514914186
48,33342,0.022314198308439805,0.009357567032571531,0.00881770739607702,0.00893767620418691,0.015445984044148521,0.037220322716093816,0.4071141503209166,0.47660608241857116,0.014186311558994661
49,33896,0.02251003068208638,0.00932263393910786,0.00843757375501534,0.009411139957517111,0.014898513098890724,0.03690700967665801,0.4251829124380458,0.4573400991267406,0.015990087325938165
50,34415,0.02199622257736452,0.009588842074676739,0.007729187854133372,0.00947261368589278,0.01455760569519105,0.037803283451983145,0.4584919366555281,0.4213860235362487,0.01897428446898155
51,34926,0.02121628586153582,0.009104964782683387,0.008904541029605452,0.008618221382351257,0.014659565939414762,0.039512111321078854,0.4871156158735612,0.39443394605737847,0.01643474775239077
52,35473,0.021819411947114706,0.009415611873819524,0.00794970822879373,0.009190088236123248,0.014799988723818115,0.03955120796098441,0.49051391198940036,0.39212922504439995,0.014630845995545908
53,36019,0.022043921263777452,0.009411699380882313,0.00752380687970238,0.009633804381021127,0.014603403759127127,0.04025653127516033,0.5082872928176796,0.37155390210722117,0.016685638135428525
54,36535,0.021650472149993157,0.009032434651703846,0.007910223073764882,0.009306144792664568,0.01431504037224579,0.04261666894758451,0.5370192965649377,0.34065964143971533,0.017490078007390174
55,37064,0.021368443772933305,0.008876537880423052,0.008471832505935679,0.00844485214763652,0.014542413123246277,0.044193826894021154,0.5524498165335636,0.3252751996546514,0.016377077487589035
56,286911,0.07629892196534814,0.10075946896424327,0.12627260718480643,0.14976421259554357,0.14357413971580038,0.11639846502922509,0.0922237209448226,0.06964529069990345,0.04850633123163629
57,38114,0.02085847719997901,0.009025554914204753,0.00789736054992916,0.009104266148921656,0.013485858214829196,0.04735792622133599,0.5907540536285879,0.2812614787217296,0.02025502440048276
58,38648,0.021113641068101843,0.008538604843717656,0.008072862761333057,0.008538604843717656,0.013920513351273029,0.047531566963361624,0.5997981784309667,0.2799368660732768,0.012549161664251707
59,39127,0.01983285199478621,0.008715209446162496,0.007769570884555422,0.008791882843049556,0.014184578424106116,0.053594704424055,0.6249137424285021,0.2486773839036982,0.013520075651084928
60,39669,0.020040837933903047,0.008596133000579797,0.007688623358289849,0.009226348029947817,0.01333535002142731,0.05578663439965716,0.6234087070508457,0.2452544808288588,0.01666288537649046
61,40164,0.01959466188626631,0.008913454835175779,0.007344885967533114,0.008764067323971716,0.013743651030773827,0.056518275072203965,0.6356936560103575,0.2294592172094413,0.019968130664276468
62,40692,0.01970903371670107,0.008404600412857564,0.007716504472623611,0.008945247223041384,0.013811068514695763,0.05666961564926767,0.6374471640617321,0.22800550476752188,0.01929126118155903
63,41201,0.01915002063056722,0.008470668187665347,0.007791073032207956,0.008786194509841994,0.013494818086939638,0.06145481905778986,0.6361010655081187,0.21943642144608141,0.025314919540787843
64,41762,0.02013792442890666,0.008045591686221924,0.0076145778458886065,0.00866816723337005,0.013145922130166179,0.06379004836933097,0.6338537426368469,0.21792538671519562,0.02681863895407308
65,42322,0.020155002126553564,0.008411700770284958,0.00751382259817589,0.008647984499787344,0.013184632106233165,0.05923633098624829,0.6354378337507679,0.2191295307405132,0.02828316242143566
66,42842,0.020073759394986228,0.008379627468372158,0.007772746370384202,0.008192894822837403,0.013398067317118715,0.0628588768031371,0.6334904999766584,0.2164931609168573,0.029340366929648476
67,43319,0.019437198457951475,0.008195018352224198,0.007548650707541725,0.008587455850781413,0.013273621274729334,0.06659895196103327,0.6291234793046931,0.21953415360465384,0.02770147048639165
68,43808,0.018786523009495983,0.008468772826880935,0.007236121256391527,0.008514426588750913,0.013330898466033601,0.07042092768444119,0.6217129291453616,0.22502739225712198,0.026502008765522278
69,44331,0.01908371117276849,0.007962825111096073,0.007714691750693645,0.008007940267532878,0.013354086305294263,0.07130450474837022,0.6217319708556089,0.2217861090433331,0.029054160745302385
70,44843,0.019021920924113016,0.008161808977989876,0.006957607653368419,0.00894230983654082,0.01293401422741565,0.0723189795508775,0.6205873826461209,0.21735833909417301,0.0337176370894008
71,45360,0.01902557319223986,0.008355379188712523,0.007473544973544973,0.008024691358024692,0.01318342151675485,0.07275132275132275,0.6178130511463845,0.21803350970017638,0.035339506172839506
72,45851,0.018734596846306514,0.008505812305075135,0.007022747595472291,0.008767529606769754,0.012933196658742449,0.07389151817844758,0.615253756733768,0.22719242764607098,0.027698414429347232
73,46321,0.018522916171930658,0.007836618380432201,0.007577556615789814,0.007858206860819067,0.01329850391830919,0.07329289091340861,0.6166101768096544,0.22518943891539475,0.02981369141426135
74,46837,0.01825479855669663,0.008412152785191194,0.006853555949356278,0.008561607276298653,0.012959839443175268,0.0755599205756133,0.6180583726540982,0.22650895659414566,0.02483079616542477
75,47344,0.018608482595471442,0.00756167624197364,0.00756167624197364,0.008469922271037513,0.012905542412977358,0.07749662047989185,0.6105103075363298,0.2373479215951335,0.01953785062521122
76,47819,0.018381814759823503,0.008030280850707878,0.007068320123800163,0.00857399778330789,0.012986469813254145,0.07894351617557875,0.6078337062673833,0.2445889709111441,0.013592923315000314
77,48327,0.019554286423738285,0.007511329070705817,0.007387174871190018,0.008359716100730441,0.012560266517681627,0.08030707472013575,0.6042791814099778,0.25132948455314835,0.00871148633269187
78,48686,0.01828040915252845,0.008277533582549398,0.0070040668775417985,0.008524011009325063,0.013104383190239493,0.0834736885346917,0.6030070246066631,0.25426200550466255,0.004066877541798464
79,49084,0.018723005460027708,0.007599217667671746,0.007151006437943118,0.008617879553418629,0.01322223127699454,0.08642327438676554,0.5996455056637601,0.2558471192241871,0.0027707603292315215
80,49507,0.018866018946815603,0.008019068010584362,0.006908114004080231,0.0086452420869776,0.012988062294221019,0.08635142505100289,0.5953299533399318,0.260952996545943,0.0019391197204435737
81,49911,0.019033880306946364,0.00811444370980345,0.007052553545310653,0.008394942998537396,0.013183466570495482,0.0863537096030935,0.5965819158101421,0.2603033399451023,0.0009817475105688125
82,288112,0.074637640917421,0.09923571388904315,0.12415657799744544,0.14882406841783752,0.1444993613594713,0.11767645915477315,0.09294302215804964,0.07073985116898984,0.049161437218859336
83,50720,0.01843454258675079,0.007610410094637224,0.007097791798107256,0.008221608832807571,0.013308359621451105,0.09254731861198738,0.5921135646687697,0.26066640378548894,0.0
84,51199,0.01865270806070431,0.008027500537119866,0.006757944491103342,0.008613449481435184,0.01296900330084572,0.09152522510205277,0.5924725092286959,0.26098165979804294,0.0
85,51592,0.01742518219879051,0.008257094123119863,0.006880911769266553,0.008082648472631416,0.013238486587067763,0.09798030702434486,0.5919910063575748,0.2561443634672042,0.0
86,52030,0.0170862963674803,0.007591773976551989,0.007245819719392658,0.008072266000384394,0.01331923890063425,0.09909667499519507,0.6088987122813762,0.2386892177589852,0.0
87,52560,0.017903348554033485,0.007781582952815829,0.006887366818873668,0.00823820395738204,0.013203957382039574,0.09882039573820396,0.6189117199391172,0.22825342465753426,0.0
88,52967,0.017104989899371308,0.0076840296788566465,0.00683444408782827,0.008476976230483131,0.013178016500840146,0.10374384050446504,0.6287310967205996,0.21424660637755583,0.0
89,53440,0.017028443113772454,0.007728293413173653,0.006998502994011976,0.007952844311377246,0.013398203592814371,0.10703592814371257,0.6428517964071856,0.19700598802395208,0.0
90,53897,0.017069595710336383,0.007495778985843368,0.007273132085273763,0.00799673451212498,0.0134144757593187,0.10796519286787762,0.6556394604523443,0.1831456296268809,0.0
91,54366,0.016977522716403636,0.00787256741345694,0.006676967222160909,0.008497958282750248,0.012783725122319097,0.11085972850678733,0.6643858293786558,0.17194570135746606,0.0
92,54870,0.01738655002733734,0.007362857663568434,0.007016584654638236,0.008310552214324767,0.013468197557864043,0.11131765992345544,0.6657918716967377,0.169345726262074,0.0
93,55330,0.017115488884872583,0.007536598590276522,0.006596782938731249,0.008133020061449486,0.013283932767034158,0.1127959515633472,0.674317729983734,0.16022049521055484,0.0
94,55809,0.016932752781809387,0.0072927305631708145,0.0070239567094913,0.008045297353473453,0.013707466537655217,0.11643283341396549,0.6794423838448995,0.15112257879553476,0.0
95,56315,0.016851638107076267,0.007635621060108319,0.006605700079907662,0.00795525170913611,0.013424487259167185,0.11718014738524372,0.6817899316345556,0.14855722276480512,0.0
96,56885,0.01666520172277402,0.007102047991561923,0.007137206644985497,0.007822800386745188,0.013659136855058452,0.1205941812428584,0.6889513931616419,0.13806803199437462,0.0
97,57358,0.016614944733079954,0.00733986540674361,0.006520450503852994,0.00821158338854214,0.013267547682973604,0.1266606227553262,0.6893545800062764,0.13203040552320514,0.0
98,57793,0.016230339314449848,0.007146194175765231,0.006661706435035385,0.007942138321249978,0.014292388351530462,0.13557005173636946,0.6872112539580918,0.12494592770750783,0.0
99,58294,0.016193776374927093,0.007273475829416407,0.006604453288503105,0.00837135897347926,0.013843620269667548,0.1387964456033211,0.6902082547088895,0.11870861495179606,0.0
100,58777,0.016656175034452252,0.007009544549738843,0.006686288854483897,0.007962298177858686,0.013712846861867738,0.14196029058985657,0.6903210439457611,0.1156915119859809,0.0
101,287910,0.07498523844256885,0.09975339515820916,0.12441735264492376,0.14912298982320865,0.14431245875447188,0.11755757007398145,0.09260185474627487,0.0705289847521795,0.048918064672988086
102,59698,0.015745921136386478,0.00757144292941137,0.006398874334148548,0.007939964487922543,0.014489597641462026,0.16079265637039766,0.6930215417601929,0.0940400013400784,0.0
103,60191,0.01631473143825489,0.007393131863567643,0.006429532654383546,0.007991227924440531,0.014154940107325015,0.16150255021514845,0.6903689920419996,0.0958448937548803,0.0
104,60698,0.016903357606510922,0.007314903291706481,0.0065735279580875815,0.008056278625325382,0.014102606346172856,0.15921447164651223,0.6965797884609048,0.09125506606477973,0.0
105,61115,0.016215331751615807,0.006888652540292891,0.006692301399001881,0.008001309007608606,0.014202732553382967,0.17507976765114946,0.6954266546674303,0.07749325042951812,0.0
106,61583,0.015718623646136107,0.006982446454378644,0.006414107789487359,0.008184076774434503,0.014809281782310052,0.18319990906581363,0.6949320429339265,0.06975951155351315,0.0
107,62078,0.015786591062856407,0.007055639679113374,0.006765681884081317,0.007941621830600213,0.014707303714681529,0.18842424047166467,0.6991687876542414,0.060150133702761045,0.0
108,62532,0.015496066014200728,0.00751615173031408,0.006044905008635579,0.008363717776498433,0.014808418089937951,0.20575065566429987,0.6855849804899892,0.05643510522612422,0.0
109,62999,0.015651042080033015,0.006682645756281845,0.006666772488452198,0.008095366593120526,0.015143097509484277,0.2098604739757774,0.6854394514198638,0.05246115017698694,0.0
110,63456,0.015428013111447302,0.0071230458900655574,0.006335098335854766,0.00821041351487645,0.01539649520927887,0.232696671709531,0.671142208774584,0.04366805345436208,0.0
111,63930,0.015313624276552478,0.007007664633192554,0.006428906616611919,0.008102612232128891,0.015626466447677147,0.2402627874237447,0.6684967933677459,0.038761145002346314,0.0
112,64397,0.015326800937931892,0.0069102597947109335,0.00666180101557526,0.008121496342997345,0.015637374411851482,0.25240306225445286,0.6601860335108778,0.0347531717316024,0.0
113,64886,0.015319175168757514,0.006842770397312209,0.006472890916376414,0.008245230095860432,0.01592022932527818,0.2601639799032149,0.6613136886231237,0.02572203557007675,0.0
114,65354,0.015240077118462527,0.006701961624384124,0.006426538543929982,0.00812498087339719,0.016204057900052023,0.2737093368424274,0.6533341494017199,0.020258897695626894,0.0
115,65849,0.015231818250846635,0.0070160518762623575,0.006226366383696032,0.008443560266670716,0.01631004267338912,0.2818721620677611,0.6469042810065453,0.017995717474828775,0.0
116,66361,0.014843055409050496,0.006856436762556321,0.006600262202197073,0.007986618646494175,0.016485586413706847,0.29009508596916866,0.638281520772743,0.018851433824083424,0.0
117,66846,0.01488495945905514,0.006851569278640457,0.006417736289381563,0.008332585345420819,0.016710049965592555,0.30876941028632976,0.6251832570385663,0.012850432337013435,0.0
118,67357,0.014772035571655507,0.006784743976127203,0.0066511275739715246,0.008150600531496355,0.016746589070178303,0.3212138307822498,0.6128093590866577,0.012871713407663642,0.0
119,67857,0.015031610592864406,0.006941067244352094,0.006351592319141725,0.008237912079814905,0.016873719734146808,0.32049751683687755,0.6115802349057577,0.014486346287044816,0.0
120,68286,0.014658934481445684,0.006619219166447002,0.006414199103769441,0.008479044020736315,0.017045953782620155,0.3334797762352459,0.6011041794804206,0.01219869372931494,0.0
121,68800,0.014898255813953489,0.006598837209302325,0.006380813953488372,0.008473837209302325,0.017165697674418605,0.3455232558139535,0.5917441860465116,0.009215116279069768,0.0
122,69271,0.014796956879502245,0.006698329748379553,0.006611713415426369,0.008546144851380808,0.01712116181374601,0.35841838576027485,0.5815131873366921,0.006294120194598028,0.0
123,69768,0.01536521041165004,0.006851278523105148,0.006263616557734205,0.008313266827198715,0.017300194931773878,0.3613834422657952,0.5788900355463823,0.005632954936360509,0.0
124,70232,0.015249458936097506,0.006734821733682652,0.006378858639936211,0.00835801344116642,0.017470668641075292,0.3791291718874587,0.5620372479781296,0.004641758742453582,0.0
125,70692,0.014909749335144004,0.006662705822441012,0.006351496633282408,0.008247043512702994,0.017569173315226616,0.3936230407966955,0.5493266564816387,0.003310134102868783,0.0
126,71178,0.014990586979122762,0.007122987439939307,0.006097389642867178,0.008303127370816826,0.01763185253870578,0.4049987355643598,0.5382421534743882,0.0026131669898002193,0.0
127,71599,0.014329809075545747,0.006717970921381583,0.006466570762161483,0.008268271903238871,0.018338244947555135,0.4272685372700736,0.5168787273565273,0.0017318677635162502,0.0
128,72054,0.014503011630166264,0.006717184333971744,0.006467371693452133,0.008327088017320343,0.018583284758653233,0.43715824242928913,0.5064673716934521,0.0017764454436950065,0.0
129,72485,0.014430571842450161,0.006594467820928468,0.0063323446230254534,0.008360350417327723,0.01899703386907636,0.45670138649375736,0.48721804511278194,0.0013657998206525487,0.0
130,72854,0.01398687786531968,0.0064375325994454665,0.006657149916270898,0.0084827188623823,0.019449858621352293,0.4813462541521399,0.4628434952095973,0.0007961127734921899,0.0
131,288759,0.07363926319179662,0.09855277238112059,0.12283946128086051,0.1485148514851485,0.14538075003722828,0.11862141093437781,0.09321614218084977,0.07099345821255788,0.04938027905623721
132,75876,0.015103590068005693,0.006602878380515578,0.0068269281459222945,0.00842163529969951,0.02128472771363804,0.5746612894722969,0.36709895091992195,0.0,0.0
133,76122,0.015212422164420272,0.006542129739103019,0.006870549906728672,0.008538924358266992,0.021570636609652926,0.584955728961404,0.35630960826042407,0.0,0.0
134,76345,0.015167987425502653,0.0068897766716877334,0.006234854934835287,0.008815246578033925,0.02221494531403497,0.6022267339052984,0.3384504551706071,0.0,0.0
135,76599,0.015444065849423622,0.006827765375527096,0.00668416036762882,0.008838235486102951,0.021958511207718117,0.6048512382668181,0.33539602344678127,0.0,0.0
136,76873,0.01555812834155035,0.006803429032300027,0.006712369752709013,0.009027877148023363,0.02219244728318135,0.6136224682268157,0.3260832802154202,0.0,0.0
137,77052,0.015547941649794944,0.006683797954628043,0.006683797954628043,0.008980947931267197,0.023737216425271244,0.6198671027358148,0.3184991953485958,0.0,0.0
138,77261,0.015635314065311087,0.00683397833318233,0.006613944939879111,0.008904880858389096,0.024203673263354087,0.6226168442034145,0.3151913643364699,0.0,0.0
139,77476,0.015888791367649337,0.006685941452837007,0.007034436470648975,0.008802726005472663,0.02442046569260158,0.6242836491300532,0.31288398988073723,0.0,0.0
140,77636,0.015765881807408934,0.006697923643670462,0.0066850430212787885,0.00902931629656345,0.026224947189448195,0.6309701684785409,0.3046267195630893,0.0,0.0
141,77812,0.015614558165835605,0.006798437259034596,0.006772734282629929,0.009111705135454685,0.02687246183108004,0.62973577340256,0.3050943299234051,0.0,0.0
142,78029,0.015994053492932116,0.007189634623024773,0.006561662971459329,0.009073549577721104,0.02745133219700368,0.6322136641505082,0.3015161029873509,0.0,0.0
143,78167,0.015863471797561632,0.00676756175879847,0.0067035961467115275,0.009454117466450036,0.02764593754397636,0.6406028119283074,0.2929625033581946,0.0,0.0
144,78388,0.016341787008215543,0.006761238965147727,0.00683778129305506,0.009465734551206818,0.027861407358269124,0.6408889115680971,0.2918431392560086,0.0,0.0
145,78572,0.01665987883724482,0.006745405487960088,0.006936313190449524,0.00937993178231431,0.028534337932087768,0.6408007941760424,0.29094333859390115,0.0,0.0
146,78749,0.016597036152840035,0.006933421376779388,0.0068445313591283695,0.009460437592858322,0.027746384081067697,0.6480971186935707,0.28432107074375546,0.0,0.0
147,78951,0.01703588301604793,0.006839685374472774,0.006953680130713987,0.009208243087484642,0.028283365631847603,0.6521260022038986,0.27955314055553443,0.0,0.0
148,79066,0.01682138972503984,0.0068170895201477245,0.007209167025017074,0.009359269471074799,0.028874611084410494,0.6576025092960311,0.2733159638782789,0.0,0.0
149,79208,0.01674073325926674,0.006867993132006868,0.007133117866882133,0.009443490556509443,0.029226845773154226,0.6638849611150389,0.2667028582971417,0.0,0.0
150,79326,0.016551950180268764,0.007046869878728286,0.007084688500617704,0.009530292716133424,0.02861609056299322,0.6723646723646723,0.2588054357965862,0.0,0.0
151,79467,0.01661066857941032,0.00700919878691784,0.006807857349591655,0.010029320346810627,0.03059131463374734,0.6788604074647338,0.2500912328387884,0.0,0.0
152,79574,0.01632442757684671,0.006999773795460829,0.006936939201246639,0.009877598210470757,0.03227184758840827,0.6843566994244351,0.24323271420313167,0.0,0.0
153,79746,0.0167155719409124,0.007222932811677075,0.006934517091766358,0.009856293732601008,0.03321796704536905,0.6825922303313019,0.24346048704637224,0.0,0.0
154,79881,0.01661221066336175,0.007385986655149535,0.006810130068476859,0.010102527509670636,0.03768105056271204,0.6815513075700104,0.2398567869706188,0.0,0.0
155,80021,0.01689556491421002,0.007360567850939128,0.006898189225328351,0.009972382249659465,0.03881481111208308,0.6809462516089526,0.2391122330388273,0.0,0.0
156,80131,0.01674757584455454,0.007450300133531342,0.007025994933296727,0.010071008723215735,0.04015923924573511,0.6827445058716352,0.23580137524803135,0.0,0.0
157,0,,,,,,,,,
158,79584,0.01035383996783273,0.006961198230800161,0.007652291917973462,0.013985223160434258,0.20171139927623644,0.6504448130277443,0.10889123441897869,0.0,0.0
159,80502,0.017130009192318205,0.0071799458398549105,0.007242056097985144,0.01043452336587911,0.04568830588059924,0.6768279048967728,0.23549725472659064,0.0,0.0
160,80602,0.01717078980670455,0.0070841914592690005,0.0071462246594377315,0.01064489714895412,0.04280290811642391,0.685603334904841,0.22954765390436963,0.0,0.0
161,80622,0.016422316489295725,0.006908784202823051,0.007342908883431322,0.010778695641388206,0.04791496117684999,0.6916598447073999,0.21897248889881174,0.0,0.0
162,80777,0.016811716206345865,0.007093603377198955,0.00745261646260693,0.010832291370068213,0.04792205702118177,0.6910506703640887,0.21883704519850947,0.0,0.0
163,80886,0.016813787305590584,0.007269490393887694,0.007294216551690033,0.01095368790643622,0.04675716440422323,0.6940508864327573,0.21686076700541504,0.0,0.0
164,80974,0.01691901104058093,0.006903450490280831,0.007446834786474671,0.01113937807197372,0.05300466816509003,0.6900733568799862,0.21451330056561366,0.0,0.0
165,81082,0.016822476011938533,0.007177918650255297,0.007523248069855208,0.011112207394982856,0.05368639155422905,0.6897215164894798,0.21395624182925926,0.0,0.0
166,81198,0.016933914628439125,0.0074878691593389,0.007340082268036159,0.011367275056035863,0.050937215202344885,0.6894751102243898,0.2164585334614153,0.0,0.0
167,81303,0.01715803844876573,0.007244505122812196,0.0074904985055902,0.01124189759295475,0.057710047599719566,0.6871456157829354,0.21200939694722212,0.0,0.0
168,81455,0.017703026210791235,0.007378307040697318,0.0074396906267264135,0.01115953594008962,0.05734454606838132,0.6846847952857406,0.2142900988275735,0.0,0.0
169,81536,0.017427884615384616,0.007616267660910518,0.007505886970172684,0.011234301412872842,0.06215659340659341,0.6821158751962323,0.2119431907378336,0.0,0.0
170,81630,0.017603822124219036,0.007607497243660419,0.0072154845032463555,0.011552125444076933,0.06284454244762955,0.6838907264486096,0.20928580178855813,0.0,0.0
171,81707,0.017513799307280895,0.007612566854737048,0.007208684690418202,0.011651388497925514,0.06815817494217141,0.6795133831862631,0.2083420025212038,0.0,0.0
172,81791,0.01758139648616596,0.007433580711814258,0.007580296120600066,0.011627196146275262,0.06747686175740607,0.6822877822743334,0.20601288650340502,0.0,0.0
173,81870,0.017381214119946257,0.007743984365457432,0.007426407719555393,0.01177476487113717,0.06918285086112129,0.6843288139733724,0.20216196408941003,0.0,0.0
174,81985,0.01773495151552113,0.007733121912544978,0.0074769774958833935,0.011941208757699578,0.0707934378239922,0.6827590412880405,0.20156126120631823,0.0,0.0
175,82051,0.017635373121595105,0.007665963851750741,0.007519713349014637,0.012150979268991237,0.071345870251429,0.6852932931956953,0.19838880696152392,0.0,0.0
176,82124,0.01749792995957333,0.007634796161901515,0.007695679703862452,0.012213238517363986,0.07603136720081828,0.6839170035555988,0.1950099849008816,0.0,0.0
177,82243,0.01803192976909889,0.0077453400289386335,0.007648067312719623,0.01221988497501307,0.07489999148863732,0.6847391267341901,0.1947156596914023,0.0,0.0
178,82315,0.01800400898985604,0.0076778229970236285,0.0076413776346959845,0.01251290773249104,0.07197959059709652,0.6895341067849117,0.19265018526392516,0.0,0.0
179,82429,0.01841584879108081,0.007715731114049667,0.007691467808659574,0.012507733928593093,0.06981766125999345,0.6913464921326232,0.1925050649650002,0.0,0.0
180,82533,0.01882883210352223,0.007706008505688634,0.007681775774538669,0.012661602025856325,0.08137351120157997,0.6799098542401222,0.19183841614869204,0.0,0.0
181,82595,0.0186451964404625,0.00763968763242327,0.007906047581572734,0.01282159937042194,0.08234154609843211,0.6776681397179006,0.19297778315878686,0.0,0.0
182,82647,0.018572966955848366,0.007610681573438843,0.007804276017278304,0.013188621486563336,0.08794027611407552,0.676624680871659,0.18825849698113664,0.0,0.0
183,82777,0.019208234171327783,0.0075262452130422704,0.007949067977819926,0.013143747659373982,0.07679669473404448,0.6860238955265352,0.1893521147178564,0.0,0.0
184,82859,0.019128881594033236,0.007736033502697353,0.008001544792961538,0.013311770598245213,0.08038957747498764,0.6859846244825547,0.18544756755452033,0.0,0.0
185,82964,0.019454221107950437,0.00791909743985343,0.007810616653006123,0.013403403886022854,0.0865676679041512,0.6790656188226218,0.1857793741863941,0.0,0.0
186,83057,0.01974547599841073,0.007753711306692994,0.00799450979447849,0.013617154484269839,0.08424335095175603,0.6803279675403638,0.18631782992402807,0.0,0.0
187,83097,0.019435117994632777,0.0077860813266423575,0.007966593258481052,0.013923487009157971,0.09771712576867998,0.6717571031445179,0.18141449149788802,0.0,0.0
188,83180,0.019559990382303438,0.007874489059870161,0.008187064198124549,0.01398172637653282,0.10821110843952873,0.6630680452031739,0.17911757634046646,0.0,0.0
189,83187,0.019017394544820706,0.007849784221092239,0.008294565256590574,0.014232993135946722,0.11829973433348961,0.6547297053626168,0.1775758231454434,0.0,0.0
190,83292,0.019401623205109735,0.008043989818950199,0.008272102963069683,0.014215050665129904,0.10768140997934976,0.663365029054411,0.17902079431397974,0.0,0.0
191,83340,0.019378449724022077,0.007979361651067914,0.008207343412526998,0.014674826013918887,0.11439884809215263,0.6601751859851211,0.1751859851211903,0.0,0.0
192,83389,0.01936706280204823,0.007998656897192676,0.008190528726810491,0.014906042763434026,0.12224633944525057,0.6558179136336927,0.1714734557315713,0.0,0.0
193,83483,0.019488997760023,0.008169327887114742,0.008277134266856726,0.014901237377669706,0.12100667201705737,0.655235197585137,0.17292143310614136,0.0,0.0
194,84116,0.024953635455799133,0.009403680631508869,0.00846450140282467,0.014943649246278948,0.12665842408103095,0.6475581340054211,0.16801797517713635,0.0,0.0
195,83640,0.01983500717360115,0.008500717360114778,0.008464849354375897,0.01525585844093735,0.12769010043041606,0.6514227642276422,0.16883070301291248,0.0,0.0
196,290775,0.07090705872237985,0.09617401771128879,0.11931562204453615,0.14654285959934657,0.1471859685323704,0.12066718252944716,0.09484309173759779,0.0726266013240478,0.0503997936548878
197,83780,0.02019575077584149,0.008462640248269277,0.008510384339937933,0.015671998090236332,0.13177369300549058,0.6498209596562425,0.16556457388398185,0.0,0.0
198,83857,0.020356082378334545,0.008562195165579498,0.008478719725246551,0.01553835696483299,0.12941078264187844,0.6516092872389901,0.1660445758851378,0.0,0.0
199,83922,0.020542885059936608,0.008364910273825694,0.008770048378256,0.015728891113176522,0.12817854674578774,0.653356688353471,0.16505803007554634,0.0,0.0
200,83906,0.01992706123519176,0.008414177770362071,0.008831311229232712,0.01623245059948037,0.13569947322003195,0.6489166448168188,0.1619788811288823,0.0,0.0
201,83929,0.019695218577607265,0.008459531270478618,0.00876931692263699,0.016716510383776764,0.14527755602950113,0.6426384205697673,0.15844344624623194,0.0,0.0
202,84014,0.020484681124574477,0.008379555788320994,0.008474778013188277,0.016711500464208346,0.15120099031113862,0.6366319899064442,0.15811650439212513,0.0,0.0
203,84102,0.02076050510094885,0.008156762027062376,0.00891774274095741,0.016396756319707023,0.15277876863808232,0.6357756058119902,0.15721385936125182,0.0,0.0
204,84161,0.02078159717683963,0.008067869915994345,0.009149130832570906,0.016682311284324094,0.14915459654709426,0.6391915495300674,0.1569729447131094,0.0,0.0
205,84181,0.02044404319264442,0.00814910728074031,0.009087561326189996,0.017236668606930305,0.1581829629013673,0.6348819804944108,0.15201767619771683,0.0,0.0
206,84265,0.020589805969263634,0.00837833026760814,0.009185308253723372,0.01683973179849285,0.1545125496944164,0.6371565893312763,0.15333768468521924,0.0,0.0
207,84304,0.020532833554754222,0.008552381856139685,0.009240368191307649,0.017021730878724616,0.15697950275194533,0.6372651356993737,0.1504080470677548,0.0,0.0
208,84385,0.020856787343722226,0.008378266279552054,0.008935237305208272,0.017740119689518278,0.16164010191384726,0.6334538128814363,0.14899567458671564,0.0,0.0
209,84432,0.020809645631987873,0.00857494788705704,0.009392173583475459,0.01768286905438696,0.1633622323289748,0.6320115595982566,0.14816657191586127,0.0,0.0
210,84461,0.02069594250600869,0.00863120256686518,0.009306070257278507,0.018150388936905792,0.1610210629758113,0.6339257171949184,0.14826961556221213,0.0,0.0
211,84528,0.020975298126064735,0.008541548362672725,0.009476149914821125,0.018195154268408103,0.1614021389362105,0.6342513723263298,0.14715833806549308,0.0,0.0
212,84565,0.020966120735528882,0.008514160704783303,0.009590256016082304,0.01831727073848519,0.17468219712647076,0.6235321941701649,0.1443978005084846,0.0,0.0
213,84634,0.02136257296122126,0.008365432332159653,0.009617884065505589,0.01849138644043765,0.1762648580948555,0.6216532362880166,0.14424462981780373,0.0,0.0
214,84689,0.021348699358830544,0.00852531025280733,0.009623445783986113,0.018975309662411885,0.17584337989585425,0.6234812077129261,0.14220264733318377,0.0,0.0
215,84762,0.021389301809773248,0.008683136311082796,0.009744932870861943,0.019277506429768058,0.1640593662254312,0.6337037823553007,0.14314197399778203,0.0,0.0
216,84826,0.021679673684955086,0.008794473392591894,0.009702213943837974,0.01929832834272511,0.16722467168085256,0.6312569259425176,0.14204371301251975,0.0,0.0
217,84867,0.021739898900632756,0.008778441561502115,0.009744659290419127,0.019524668009944974,0.17164504459919638,0.6280297406530218,0.14053754698528284,0.0,0.0
218,84923,0.021902193751987094,0.00889040660362917,0.009679356593620103,0.01967664825783357,0.17950378578241466,0.6218221212156895,0.1385254877948259,0.0,0.0
219,84917,0.02157400756032361,0.00870261549513054,0.009903788405148557,0.01999599609029994,0.1908805068478632,0.6123155551891847,0.13662753041204942,0.0,0.0
220,84992,0.021907944277108432,0.008718467620481929,0.009847985692771084,0.0202136671686747,0.1833937311746988,0.6178228539156626,0.1380953501506024,0.0,0.0
221,85070,0.022240507817091807,0.008733983778065123,0.009815446103209122,0.020359703773363113,0.18957329258257904,0.6118373104502175,0.13743975549547433,0.0,0.0
222,85070,0.021770306806159632,0.008875044081344775,0.009991771482308688,0.02078288468320207,0.19261784412836488,0.6144351710356177,0.13152697778300224,0.0,0.0
223,85133,0.021906898617457392,0.00895070066836597,0.01003136269131829,0.020943699857869452,0.18854028402617082,0.6173986585695324,0.1322283955692857,0.0,0.0
224,85158,0.02187698161065314,0.008771929824561403,0.010310246835294395,0.021266351957537753,0.1929119988726837,0.6153268042931962,0.12953568660607342,0.0,0.0
225,85286,0.022395234856834652,0.009051895973547826,0.01032994864338813,0.020718523556034988,0.18615013015031776,0.6209225429730554,0.13043172384682128,0.0,0.0
226,85344,0.022848706411698536,0.009092613423322085,0.010147169103862017,0.021149700037495313,0.19428430821147358,0.6135756467941508,0.12890185601799775,0.0,0.0
227,85351,0.022589073355906784,0.009045002401846493,0.010240067486028284,0.021534604163981674,0.19389345174631814,0.6179072301437593,0.12479057070215932,0.0,0.0
228,85388,0.02282522134257741,0.008666323136740525,0.010516700238909448,0.02202885651379585,0.2011172530097906,0.6116081885042395,0.12323745725394669,0.0,0.0
229,85394,0.02228493805185376,0.009169262477457432,0.010492540459517061,0.022273227627233765,0.2113731643909408,0.6024427945757314,0.12196407241726585,0.0,0.0
