,0,1,2,3,4,5,6,7,8,9
0,491,0.7006109979633401,0.018329938900203666,0.026476578411405296,0.020366598778004074,0.008146639511201629,0.024439918533604887,0.018329938900203666,0.12016293279022404,0.06313645621181263
1,1051,0.4167459562321599,0.04471931493815414,0.019980970504281638,0.012369172216936251,0.019980970504281638,0.024738344433872503,0.03139866793529972,0.12844909609895339,0.3016175071360609
2,1149,0.3951261966927763,0.03655352480417755,0.022628372497824196,0.016536118363794605,0.020017406440382943,0.02610966057441253,0.040905134899912966,0.206266318537859,0.23585726718885988
3,1218,0.37110016420361247,0.03284072249589491,0.029556650246305417,0.021346469622331693,0.011494252873563218,0.034482758620689655,0.05008210180623974,0.2955665024630542,0.1535303776683087
4,1269,0.3459416863672183,0.038613081166272656,0.02364066193853428,0.016548463356973995,0.018912529550827423,0.036249014972419225,0.06067769897557131,0.3317572892040977,0.1276595744680851
5,1332,0.3355855855855856,0.03303303303303303,0.03003003003003003,0.013513513513513514,0.025525525525525526,0.04129129129129129,0.06531531531531531,0.3430930930930931,0.11261261261261261
6,1433,0.32030704815073274,0.030006978367062107,0.030006978367062107,0.01674808094905792,0.019539427773900907,0.03768318213538032,0.07815771109560363,0.37264480111653875,0.09490579204466155
7,1534,0.3057366362451108,0.02803129074315515,0.027379400260756193,0.018252933507170794,0.02216427640156454,0.037157757496740544,0.07822685788787484,0.4217731421121252,0.061277705345501955
8,1641,0.2894576477757465,0.030469226081657527,0.027422303473491772,0.015843997562461912,0.017672151127361365,0.039609993906154786,0.08957952468007313,0.4308348567946374,0.0591102985984156
9,1732,0.28117782909930716,0.030600461893764433,0.023094688221709007,0.017321016166281754,0.019630484988452657,0.03521939953810624,0.09930715935334873,0.437066974595843,0.05658198614318707
10,1804,0.2721729490022173,0.02827050997782705,0.02771618625277162,0.014966740576496674,0.01164079822616408,0.04490022172949002,0.10587583148558759,0.41685144124168516,0.07760532150776053
11,1873,0.26641751201281366,0.02616123865456487,0.029364655632674853,0.012279765082754938,0.01761879337960491,0.04217832354511479,0.10571276027762948,0.394554191137213,0.10571276027762948
12,1937,0.2622612287041817,0.025296850800206504,0.02632937532266391,0.015487867836861126,0.01600413009808983,0.041300980898296334,0.11409395973154363,0.385647909137842,0.11357769747031492
13,1980,0.25202020202020203,0.03080808080808081,0.020202020202020204,0.01717171717171717,0.015656565656565657,0.04898989898989899,0.12171717171717172,0.37777777777777777,0.11565656565656565
14,2033,0.24889326119035907,0.02705361534677816,0.024102311854402363,0.014756517461878997,0.016724053123462864,0.04771273979340875,0.1382193802262666,0.367929168716183,0.1146089522872602
15,2079,0.24386724386724387,0.025493025493025494,0.01924001924001924,0.01875901875901876,0.020202020202020204,0.04280904280904281,0.14381914381914382,0.3746993746993747,0.1111111111111111
16,2125,0.23811764705882352,0.02823529411764706,0.02164705882352941,0.013647058823529411,0.019294117647058823,0.04894117647058824,0.15294117647058825,0.3708235294117647,0.1063529411764706
17,2170,0.2313364055299539,0.026267281105990782,0.025806451612903226,0.011981566820276499,0.017972350230414748,0.04884792626728111,0.16543778801843317,0.3774193548387097,0.09493087557603687
18,2225,0.2301123595505618,0.021573033707865168,0.021123595505617977,0.014382022471910113,0.020674157303370785,0.04719101123595506,0.16988764044943822,0.37842696629213485,0.09662921348314607
19,2269,0.2238871749669458,0.024239753195240195,0.020713970912296167,0.013221683561040106,0.016747465843984136,0.048920229175848394,0.17584839136183342,0.3657999118554429,0.11062141912736889
20,2313,0.21833117163856464,0.023778642455685256,0.020319930825767402,0.014699524427150886,0.01729355814958928,0.0514483354950281,0.18071768266320795,0.3679204496325119,0.1054907047124946
21,2367,0.21841994085340094,0.024926066751161807,0.020701309674693705,0.01394169835234474,0.017743979721166033,0.05111956062526405,0.1808196028728348,0.37346852555978033,0.09885931558935361
22,2397,0.21610346266166042,0.022110972048393827,0.0196078431372549,0.012515644555694618,0.020442219440967878,0.052982895285773886,0.18272841051314143,0.37755527743012096,0.09595327492699207
23,2434,0.20912078882497945,0.024239934264585046,0.020131470829909615,0.01437962202136401,0.01314708299096138,0.05628594905505341,0.19474116680361545,0.3730484798685292,0.09490550534100246
24,2490,0.20803212851405622,0.024899598393574297,0.017670682730923693,0.01285140562248996,0.018072289156626505,0.05582329317269076,0.20160642570281123,0.3598393574297189,0.10080321285140562
25,2530,0.20513833992094863,0.020553359683794466,0.020948616600790514,0.014229249011857707,0.01699604743083004,0.05612648221343874,0.20869565217391303,0.35296442687747037,0.10039525691699605
26,2563,0.2017167381974249,0.02184939523995318,0.015606710885680842,0.015996878657822865,0.017167381974248927,0.05696449473273508,0.21732344908310575,0.34178696839641043,0.11158798283261803
27,2615,0.1965583173996176,0.02791586998087954,0.01644359464627151,0.012237093690248566,0.02026768642447419,0.05812619502868069,0.21567877629063098,0.3349904397705545,0.11778202676864245
28,2661,0.2025554302893649,0.01615933859451334,0.023299511461856444,0.011649755730928222,0.01503194287861706,0.06463735437805336,0.22322435174746336,0.32619316046599023,0.11724915445321307
29,2686,0.19024571854058078,0.023827252419955324,0.01600893521965748,0.017498138495904692,0.013775130305286671,0.06701414743112435,0.22412509307520476,0.3283693224125093,0.11913626209977662
30,2741,0.19336008755928494,0.01933600875592849,0.018606348048157608,0.0134987230937614,0.01787668734038672,0.06822327617657789,0.2218168551623495,0.32579350601970086,0.12148850784385261
31,2786,0.19131371141421394,0.019382627422828428,0.020459440057430008,0.0104091888011486,0.01722900215362527,0.07106963388370424,0.2236180904522613,0.3273510409188801,0.1191672648959081
32,2830,0.18869257950530036,0.021908127208480566,0.0176678445229682,0.01519434628975265,0.013074204946996466,0.07314487632508834,0.2215547703180212,0.331095406360424,0.1176678445229682
33,2879,0.1879124696075026,0.021187912469607502,0.01806182702327197,0.013546370267453978,0.019451198332754428,0.07051059395623481,0.22716220910038207,0.3310177144841959,0.11114970475859673
34,2896,0.18197513812154695,0.01968232044198895,0.01691988950276243,0.013121546961325966,0.020718232044198894,0.07216850828729282,0.22617403314917128,0.34392265193370164,0.10531767955801105
35,2941,0.17885073104386262,0.0217613056783407,0.015980958857531452,0.013600816048962938,0.019041142468548114,0.07786467188031282,0.22611356681400885,0.3417205032301938,0.1050663039782387
36,2992,0.17747326203208555,0.021724598930481284,0.01871657754010695,0.011363636363636364,0.01771390374331551,0.08322192513368984,0.2192513368983957,0.3502673796791444,0.10026737967914438
37,3037,0.17780704642739545,0.018768521567336188,0.018439249259137307,0.01382943694435298,0.016463615409944024,0.082647349357919,0.22291735265064208,0.3539677313137965,0.09515969706947645
38,3072,0.17447916666666666,0.019856770833333332,0.016927083333333332,0.013346354166666666,0.019205729166666668,0.08463541666666667,0.22233072916666666,0.3541666666666667,0.09505208333333333
39,3119,0.17184995190766272,0.01923693491503687,0.01923693491503687,0.013786470022443091,0.018595703751202307,0.08881051619108689,0.22250721385059313,0.35588329592818213,0.09009297851875601
40,3156,0.1714195183776933,0.019011406844106463,0.015525982256020279,0.016476552598225603,0.01806083650190114,0.09157160963244614,0.22465145754119137,0.3570975918884664,0.08618504435994931
41,3208,0.1708229426433915,0.021508728179551122,0.015897755610972567,0.011845386533665835,0.023067331670822942,0.08541147132169576,0.2197630922693267,0.3640897755610973,0.08759351620947631
42,3244,0.16892725030826142,0.018187422934648582,0.020345252774352653,0.011097410604192354,0.020345252774352653,0.0909371146732429,0.22348951911220716,0.3628236744759556,0.08384710234278668
43,3295,0.17298937784522003,0.019423368740515933,0.01638846737481032,0.015477996965098634,0.014871016691957511,0.09438543247344461,0.2336874051593323,0.3544764795144158,0.07830045523520486
44,3325,0.1699248120300752,0.019548872180451128,0.01593984962406015,0.013834586466165413,0.021052631578947368,0.09383458646616541,0.24030075187969924,0.35368421052631577,0.07187969924812031
45,3350,0.1647761194029851,0.021194029850746268,0.01701492537313433,0.011044776119402985,0.023880597014925373,0.09402985074626866,0.24149253731343284,0.3617910447761194,0.06477611940298507
46,3390,0.16607669616519175,0.015634218289085546,0.020353982300884955,0.010914454277286136,0.02536873156342183,0.08790560471976401,0.24955752212389382,0.3640117994100295,0.06017699115044248
47,3432,0.1649184149184149,0.017482517482517484,0.0168997668997669,0.0168997668997669,0.016608391608391608,0.09324009324009325,0.25757575757575757,0.35955710955710957,0.056818181818181816
48,3471,0.16018438490348602,0.01930279458369346,0.01728608470181504,0.013828867761452032,0.019878997407087293,0.09449726303658888,0.26073177758571014,0.35695764909248057,0.05733218092768655
49,3521,0.1610337972166998,0.020448736154501563,0.014768531667140017,0.014768531667140017,0.02272081794944618,0.08775915932973587,0.264697529111048,0.3572848622550412,0.05651803464924737
50,3564,0.15993265993265993,0.018799102132435467,0.016835016835016835,0.014590347923681257,0.021604938271604937,0.09231200897867564,0.26346801346801346,0.3552188552188552,0.05723905723905724
51,3608,0.1593680709534368,0.018015521064301553,0.01746119733924612,0.011917960088691795,0.023558758314855877,0.09007760532150776,0.2660753880266075,0.35726164079822614,0.05626385809312639
52,3658,0.16211044286495352,0.015855658829961726,0.018589393110989613,0.012301804264625479,0.02241662110442865,0.08939311098961181,0.273920174958994,0.35292509568069985,0.05248769819573537
53,3708,0.1604638619201726,0.0186084142394822,0.015102481121898598,0.014293419633225458,0.022114347357065803,0.08737864077669903,0.27481121898597627,0.3565264293419633,0.05070118662351672
54,3757,0.15970188980569602,0.016768698429598085,0.019164226776683523,0.013574660633484163,0.01863188714399787,0.0896992281075326,0.2784136278945967,0.35453819536864517,0.04950758583976577
55,3805,0.16005256241787122,0.015505913272010513,0.018396846254927726,0.011826544021024968,0.02102496714848883,0.0888304862023653,0.2914586070959264,0.3474375821287779,0.045466491458607095
56,3832,0.15396659707724425,0.01826722338204593,0.015135699373695199,0.014352818371607515,0.021137787056367433,0.087160751565762,0.2938413361169102,0.35020876826722336,0.04592901878914405
57,3876,0.15299277605779155,0.017543859649122806,0.015737874097007224,0.014705882352941176,0.02038183694530444,0.0890092879256966,0.29927760577915374,0.3459752321981424,0.04437564499484004
58,3928,0.15224032586558045,0.01960285132382892,0.01654786150712831,0.012219959266802444,0.020366598778004074,0.08910386965376782,0.3037169042769857,0.34164969450101834,0.04455193482688391
59,3963,0.15215745647236942,0.015897047691143074,0.01791572041382791,0.011355034065102196,0.022205399949533182,0.09184960888215998,0.3086045924804441,0.337370678778703,0.042644461266717136
60,4010,0.1513715710723192,0.016458852867830425,0.016209476309226933,0.015461346633416459,0.01970074812967581,0.09152119700748129,0.30997506234413963,0.3381546134663342,0.04114713216957606
61,4061,0.1499630632849052,0.018714602314700814,0.016744644176311253,0.01255848313223344,0.02093080522038907,0.09061807436591972,0.31691701551342033,0.33415414922432896,0.039399162767791186
62,4185,0.15149342891278375,0.014097968936678614,0.017921146953405017,0.012664277180406212,0.01935483870967742,0.0912783751493429,0.32688172043010755,0.32712066905615295,0.03918757467144564
63,4224,0.14630681818181818,0.020359848484848484,0.01396780303030303,0.012547348484848484,0.021780303030303032,0.08996212121212122,0.3321496212121212,0.3252840909090909,0.037642045454545456
64,4258,0.14419915453264442,0.014795678722404886,0.01925786754344763,0.01103804603100047,0.020666979802724285,0.09417566932832315,0.3391263503992485,0.3193987787693753,0.03734147487083138
65,4299,0.14189346359618515,0.016050244242847175,0.015817632007443592,0.013026285182600605,0.019074203303093742,0.09792975110490812,0.3440334961618981,0.3151895789718539,0.03698534542916958
66,4336,0.1386070110701107,0.017527675276752766,0.01522140221402214,0.013837638376383764,0.019142066420664208,0.09870848708487084,0.35309040590405905,0.3058118081180812,0.03805350553505535
67,4404,0.14123524069028157,0.01748410535876476,0.015440508628519528,0.013623978201634877,0.01930063578564941,0.0958219800181653,0.3580835603996367,0.3042688465031789,0.03474114441416894
68,4427,0.13508018974474814,0.018522701603794895,0.014004969505308336,0.011971990060989384,0.02462163993675175,0.09893833295685565,0.37022814547097355,0.2927490399819291,0.0338829907386492
69,4484,0.13693131132917039,0.01694915254237288,0.01583407671721677,0.01159678858162355,0.02207850133809099,0.1008028545941124,0.3739964317573595,0.28880463871543266,0.03300624442462088
70,4527,0.13607245416390545,0.013253810470510271,0.017009056770488182,0.013253810470510271,0.01855533465871438,0.10271703114645461,0.38193063839187097,0.2823061630218688,0.03490170090567705
71,4568,0.13375656742556918,0.013791593695271453,0.016199649737302976,0.01466725043782837,0.01926444833625219,0.1026707530647986,0.391199649737303,0.27561295971978983,0.03283712784588441
72,4597,0.13095497063302153,0.014357189471394388,0.01631498803567544,0.013922123123776376,0.0221883837285186,0.1037633239068958,0.3989558407657168,0.2695236023493583,0.03001957798564281
73,4659,0.13178793732560634,0.016956428418115475,0.0145954067396437,0.01330757673320455,0.02275166344709165,0.10238248551191242,0.4015883236746083,0.2659368963296845,0.030693281820133075
74,4712,0.13242784380305603,0.01740237691001698,0.015492359932088286,0.010823429541595925,0.022071307300509338,0.10441426146010187,0.40216468590831916,0.2699490662139219,0.02525466893039049
75,4740,0.12953586497890296,0.014556962025316455,0.017932489451476793,0.011603375527426161,0.02088607594936709,0.10632911392405063,0.40759493670886077,0.2748945147679325,0.016666666666666666
76,4756,0.12300252312867957,0.01787216148023549,0.01471825063078217,0.013666947014297728,0.021867115222876366,0.11080740117746005,0.4129520605550883,0.2767031118587048,0.008410428931875526
77,4826,0.12929962702030667,0.014919187733112309,0.01554082055532532,0.013468711147948611,0.02154993783671778,0.10982179859096561,0.4135930377123912,0.2675093244923332,0.014297554910899296
78,4855,0.12729145211122553,0.01709577754891864,0.012358393408856848,0.013182286302780639,0.02286302780638517,0.11225540679711637,0.4166838311019567,0.26405767250257467,0.014212152420185377
79,4887,0.12461632903621854,0.016779210149375896,0.015142214037241662,0.01309596889707387,0.022099447513812154,0.11397585430734603,0.425414364640884,0.2578268876611418,0.011049723756906077
80,4910,0.1209775967413442,0.017311608961303463,0.015682281059063136,0.011405295315682282,0.023014256619144604,0.12118126272912423,0.42362525458248473,0.26171079429735233,0.0050916496945010185
81,4969,0.1263835781847454,0.0142885892533709,0.016502314348963574,0.011471120949889314,0.023344737371704567,0.12034614610585631,0.421614006842423,0.2598108271281948,0.006238679814852083
82,4999,0.1232246449289858,0.015203040608121624,0.015803160632126424,0.013402680536107221,0.02080416083216643,0.1232246449289858,0.4252850570114023,0.255251050210042,0.007801560312062412
83,5046,0.12247324613555291,0.01644867221561633,0.014863258026159334,0.013674197384066587,0.020214030915576695,0.12286959968291716,0.4294490685691637,0.25148632580261593,0.008521601268331352
84,5092,0.1237234878240377,0.015121759622937941,0.014728986645718775,0.014139827179890024,0.021209740769835034,0.12470542026708563,0.43106834249803616,0.2488216810683425,0.006480754124116261
85,5114,0.11888932342588972,0.015447790379350802,0.015056707078607743,0.01349237387563551,0.02268283144309738,0.127493156042237,0.443097379741885,0.23934298005475166,0.00449745795854517
86,5167,0.11960518676214438,0.01683762337913683,0.012773369460034836,0.014128120766402168,0.022643700406425393,0.12579833559125217,0.4462937874975808,0.2357267273079156,0.0061931488291078
87,5199,0.11790728986343528,0.01654164262358146,0.014425851125216388,0.010578957491825351,0.025774187343719945,0.12790921331025198,0.4504712444700904,0.23062127332179266,0.005770340450086555
88,5247,0.11854392986468458,0.013912712025919573,0.016771488469601678,0.011435105774728416,0.023060796645702306,0.1320754716981132,0.4499714122355632,0.230989136649514,0.0032399466361730514
89,5273,0.11587331689740187,0.014413047600986157,0.0166887919590366,0.011189076427081357,0.023326379670017067,0.13635501611985587,0.45059738289398826,0.22795372653138632,0.003603261900246539
90,5308,0.11435568952524491,0.016201959306706856,0.015259984928409947,0.012434061793519217,0.022230595327807082,0.1396006028636021,0.45045214770158254,0.2270158251695554,0.0024491333835719668
91,5368,0.11847988077496274,0.015275707898658718,0.014157973174366617,0.012853949329359165,0.02384500745156483,0.13934426229508196,0.45081967213114754,0.22242921013412817,0.0027943368107302535
92,5411,0.1188320088708187,0.014415080391794493,0.015523932729624839,0.013675845499907595,0.02217704675660691,0.1417482905193125,0.45573831084827204,0.21456292737017188,0.003326557013491037
93,5438,0.1171386539168812,0.014895182052225083,0.015262964325119529,0.012136815005516733,0.02317028319235013,0.14417065097462303,0.46524457521147483,0.20540639941154837,0.0025744759102611253
94,5481,0.11621966794380588,0.014230979748221127,0.014960773581463237,0.013683634373289545,0.023718299580368547,0.1457763181901113,0.4661558109833972,0.20452472176610106,0.0007297938332421091
95,5518,0.1143530264588619,0.016310257339615802,0.014679231605654222,0.012323305545487495,0.02464661109097499,0.15059804276911926,0.46393620877129393,0.2031533164189924,0.0
96,5548,0.11409516943042537,0.0136986301369863,0.015320836337418889,0.01243691420331651,0.025054073540014418,0.1526676279740447,0.4689978370583994,0.19772891131939438,0.0
97,5601,0.11337261203356544,0.01535440099982146,0.014104624174254598,0.013569005534725943,0.02499553651133726,0.1613997500446349,0.4563470808784146,0.20085698982324585,0.0
98,5652,0.11447275300778485,0.01627742392073602,0.01362349610757254,0.01326963906581741,0.025123849964614295,0.16348195329087048,0.4570063694267516,0.1967445152158528,0.0
99,5678,0.11271574498062698,0.014265586474110602,0.0160267699894329,0.012504402958788305,0.023952095808383235,0.17717506164142305,0.4513913349771046,0.19196900317013033,0.0
100,5722,0.11272282418734708,0.014680181754631249,0.013981125480601188,0.013107305138063614,0.02481649772806711,0.18070604683677036,0.45246417336595596,0.18752184550856343,0.0
101,5771,0.11419164789464564,0.013342574943683938,0.01507537688442211,0.01316929474961012,0.024085946976260614,0.19026165309305146,0.45243458672673714,0.17743891873158898,0.0
102,5817,0.11414818635035241,0.01444043321299639,0.014612343132198728,0.013752793536187038,0.02286401925391095,0.19443011861784426,0.45745229499742135,0.16829981089908888,0.0
103,5838,0.1116820829051045,0.014559780746831107,0.01473107228502912,0.014045906132237067,0.022953066118533743,0.20212401507365535,0.4564919492977047,0.16341212744090441,0.0
104,5886,0.1111111111111111,0.01563030920829086,0.013931362555215767,0.014101257220523276,0.02378525314305131,0.2057424396873938,0.4509004417261298,0.16479782534828408,0.0
105,5918,0.10915849949307198,0.01706657654613045,0.013011152416356878,0.013518080432578574,0.024839472794863128,0.20885434268333897,0.45268671848597497,0.16086515714768504,0.0
106,5975,0.11179916317991632,0.014393305439330545,0.014560669456066946,0.012384937238493723,0.026108786610878662,0.21372384937238495,0.44552301255230126,0.16150627615062763,0.0
107,6011,0.1112959574114124,0.013308933621693561,0.015804358675761104,0.012643486940608883,0.025120612210946597,0.21627017135252039,0.4453501913159208,0.16020628847113624,0.0
108,6044,0.1113500992720053,0.012409000661813368,0.01588352084712111,0.012739907346128392,0.025479814692256783,0.22236929185969556,0.4442422236929186,0.1555261416280609,0.0
109,6074,0.10915377016792888,0.01382943694435298,0.015805070793546264,0.012512347711557459,0.024695423114916036,0.22884425419822194,0.4448468883766875,0.15031280869278893,0.0
110,6125,0.11020408163265306,0.014857142857142857,0.014857142857142857,0.012244897959183673,0.023346938775510206,0.22938775510204082,0.4493061224489796,0.14579591836734693,0.0
111,6147,0.10850821538962095,0.013339840572637058,0.014315926468195867,0.012851797624857653,0.025703595249715307,0.2389783634293151,0.44769806409630714,0.1386041971693509,0.0
112,6183,0.10755296781497654,0.013585638039786511,0.013423904253598577,0.015202975901665859,0.023451398997250527,0.24227721170952612,0.45091379589196184,0.13359210739123403,0.0
113,6231,0.10688493018777083,0.01508586101749318,0.01380195795217461,0.01364147006900979,0.02471513400738244,0.23960840956507784,0.4652543732948162,0.12100786390627508,0.0
114,6270,0.10685805422647528,0.01467304625199362,0.014992025518341308,0.012280701754385965,0.026156299840510367,0.24338118022328548,0.46523125996810205,0.11642743221690591,0.0
115,6304,0.10580583756345177,0.015228426395939087,0.014276649746192893,0.012531725888324872,0.02522208121827411,0.2509517766497462,0.4619289340101523,0.11405456852791879,0.0
116,6344,0.10561160151324085,0.014186633039092055,0.014501891551071878,0.011664564943253467,0.02663934426229508,0.25740857503152587,0.458858764186633,0.11112862547288777,0.0
117,6392,0.10575719649561953,0.014392991239048811,0.014705882352941176,0.01204630788485607,0.026439299123904882,0.25954317897371715,0.45979349186483104,0.10732165206508135,0.0
118,6431,0.10604882599906702,0.012128751360597108,0.015238687606904059,0.013372725859119888,0.026123464468978386,0.2620121287513606,0.46073705489037475,0.1043383610635982,0.0
119,6459,0.10466016411209166,0.013469577333952624,0.013005109150023224,0.015017804613717293,0.02384270010837591,0.2655209784796408,0.4613717293698715,0.10311193683232699,0.0
120,6516,0.10758133824432167,0.01289134438305709,0.013351749539594844,0.013505217925107428,0.025936157151626765,0.26212400245549416,0.4634745242480049,0.10113566605279313,0.0
121,6543,0.10408069692801467,0.014060828366192877,0.013755158184319119,0.01192113709307657,0.028121656732385755,0.2723521320495186,0.4572825920831423,0.09842579856335014,0.0
122,6595,0.10462471569370735,0.013040181956027293,0.015314632297194845,0.011978771796815769,0.028354814253222137,0.2738438210765732,0.45382865807429873,0.09901440485216073,0.0
123,6636,0.10292344786015672,0.015220012055455093,0.014165159734779989,0.012206148282097649,0.02667269439421338,0.2819469559975889,0.4496684749849307,0.09719710669077758,0.0
124,6673,0.10295219541435637,0.01363704480743294,0.01393676007792597,0.013337329536939908,0.02727408961486588,0.2880263749438034,0.44627603776412406,0.09456016784055148,0.0
125,6706,0.10110348941246645,0.013868177751267521,0.014464658514762899,0.012824336415150612,0.028034595884282733,0.29391589621234715,0.44527288994929914,0.0905159558604235,0.0
126,6753,0.10128831630386495,0.014215904042647711,0.013623574707537391,0.013623574707537391,0.02680290241374204,0.30105138456982083,0.4383237079816378,0.09107063527321191,0.0
127,6798,0.10179464548396587,0.014416004707266844,0.012503677552221242,0.013974698440717859,0.028096498970285377,0.3042071197411003,0.4346866725507502,0.09032068255369226,0.0
128,6840,0.10160818713450293,0.014181286549707602,0.013011695906432749,0.013742690058479532,0.029093567251461987,0.31842105263157894,0.4236842105263158,0.08625730994152046,0.0
129,6856,0.09889148191365228,0.011376896149358226,0.01677362893815636,0.010501750291715286,0.03165110851808635,0.32715869311551926,0.4206534422403734,0.08299299883313886,0.0
130,6921,0.10143042912873862,0.013437364542696142,0.014448779078167894,0.011125559890189278,0.031064875018060975,0.32249674902470743,0.42306025140875597,0.08293599190868371,0.0
131,6964,0.10008615738081562,0.015364732912119471,0.012062033314187249,0.013354394026421596,0.03144744399770247,0.3229465824238943,0.4267662263067203,0.077972429638139,0.0
132,7001,0.10069990001428368,0.013140979860019997,0.013569490072846736,0.014855020711326954,0.028138837308955864,0.3273818025996286,0.42679617197543207,0.07541779745750607,0.0
133,7033,0.09924640978245415,0.012370254514431963,0.01464524385041945,0.013649936015924926,0.029717048201336558,0.3300156405516849,0.4274136214986492,0.07294184558509882,0.0
134,7064,0.09951868629671574,0.012315968289920725,0.013448471121177802,0.013448471121177802,0.03001132502831257,0.3322480181200453,0.4302095130237826,0.06879954699886749,0.0
135,7096,0.09850620067643744,0.012401352874859075,0.013246899661781286,0.013528748590755355,0.03072153325817362,0.3375140924464487,0.4257328072153326,0.06834836527621195,0.0
136,7129,0.09636695188666013,0.013606396409033526,0.014307757048674428,0.0123439472576799,0.03366531070276336,0.3397390938420536,0.4222191050638238,0.06775143778931127,0.0
137,7186,0.0985249095463401,0.013915947676036738,0.013080990815474534,0.013915947676036738,0.0324241580851656,0.33732257166713053,0.42513220150292236,0.0656832730308934,0.0
138,7214,0.09717216523426671,0.013723315774882174,0.014416412531189355,0.012337122262267812,0.03326864430274466,0.34502356528971445,0.41987801497088995,0.06418075963404492,0.0
139,7246,0.0970190449903395,0.013524703284570798,0.013386696108197626,0.012972674579078112,0.03339773668230748,0.34929616340049685,0.4166436654706045,0.0637593154844052,0.0
140,7295,0.0976010966415353,0.013708019191226868,0.013296778615490062,0.013708019191226868,0.03427004797806717,0.350514050719671,0.4117888965044551,0.06511309115832763,0.0
141,7329,0.09714831491335789,0.013235093464319826,0.012825760676763541,0.015554645927138764,0.03274662300450266,0.3629417382999045,0.4018283531177514,0.06371947059626143,0.0
142,7364,0.0977729494839761,0.010863661053775122,0.015073329712112981,0.013851167843563281,0.03299837045084193,0.3728951656708311,0.39530146659424226,0.06124388919065725,0.0
143,7390,0.09634641407307172,0.011096075778078484,0.014884979702300407,0.012719891745602166,0.03450608930987822,0.37699594046008117,0.3926928281461434,0.06075778078484438,0.0
144,7434,0.096045197740113,0.012375571697605597,0.013317191283292978,0.013855259617971483,0.03483992467043315,0.3757062146892655,0.39238633306429915,0.061474307237019105,0.0
145,7474,0.09512978324859513,0.013781107840513781,0.012443136205512443,0.014985282312014986,0.03331549371153331,0.37342788332887344,0.3934974578538935,0.06341985549906343,0.0
146,7514,0.09435719989353207,0.013574660633484163,0.013175405908969923,0.014373170082512644,0.035400585573595954,0.3746340165025286,0.3931328187383551,0.06135214266702156,0.0
147,7550,0.09377483443708609,0.012847682119205298,0.013642384105960265,0.013377483443708609,0.03483443708609271,0.37920529801324504,0.3932450331125828,0.059072847682119206,0.0
148,7609,0.09475620975160993,0.013668024707583125,0.012748061506111184,0.014193717965567091,0.035090024970429755,0.3842817715862794,0.38835589433565515,0.056906295176764356,0.0
149,7639,0.09320591700484357,0.014530697735305667,0.012436182746432779,0.01505432648252389,0.034952218876816335,0.3929833747872758,0.38224898546930225,0.05458829689749967,0.0
150,7694,0.09435924096698727,0.014426826098258383,0.012737197816480375,0.01351702625422407,0.03678190798024435,0.393033532622823,0.3813361060566675,0.05380816220431505,0.0
151,7733,0.09504720031035821,0.011897064528643477,0.015259278417173155,0.01254364412259149,0.03672572093624725,0.38924091555670504,0.38639596534333376,0.05289021078494763,0.0
152,7758,0.09242072699149265,0.014178912090745037,0.013663315287445217,0.01263212168084558,0.03905645784996133,0.3988141273524104,0.37819025522041766,0.05104408352668213,0.0
153,7795,0.0922386144964721,0.013598460551635664,0.013213598460551635,0.014624759461193073,0.03951250801796023,0.4127004490057729,0.3615137908915972,0.05259781911481719,0.0
154,7831,0.09373004724811645,0.011237389860809603,0.014302132550121313,0.014557527774230621,0.03984165496105223,0.4128463797726982,0.36368279913165624,0.04980206870131529,0.0
155,7882,0.09388480081197666,0.012433392539964476,0.01357523471200203,0.014970819588936818,0.040091347373763006,0.4064958132453692,0.36995686374016745,0.04859172798782035,0.0
156,7897,0.09180701532227428,0.01278966696213752,0.013549449157908067,0.015069013549449157,0.04039508674180069,0.42598455109535266,0.35608458908446244,0.04432062808661517,0.0
157,7930,0.09255989911727616,0.010844892812105928,0.012862547288776798,0.01626733921815889,0.04136191677175284,0.42332912988650695,0.3596469104665826,0.04312736443883985,0.0
158,7963,0.09016702247896521,0.013311565992716313,0.013437146803968354,0.014065050860228558,0.04156724852442547,0.4272259198794424,0.35790531206831594,0.04232073339193771,0.0
159,8003,0.09084093464950643,0.012745220542296638,0.013369986255154316,0.013369986255154316,0.04398350618518056,0.43271273272522803,0.3529926277645883,0.039985005622891416,0.0
160,8040,0.08855721393034825,0.014179104477611941,0.014552238805970149,0.012437810945273632,0.04477611940298507,0.4419154228855721,0.3435323383084577,0.040049751243781094,0.0
161,8094,0.09068445762293056,0.01223128243143069,0.015072893501359031,0.013713862120088955,0.04151223128243143,0.4332839140103781,0.3543365455893254,0.03916481344205584,0.0
162,8126,0.09032734432685208,0.012183115924193945,0.015382722126507507,0.014398227910411026,0.04184100418410042,0.4545902042825498,0.33620477479694805,0.03507260644843711,0.0
163,8180,0.09242053789731051,0.01234718826405868,0.015525672371638141,0.013569682151589242,0.04254278728606357,0.4539119804400978,0.3341075794621027,0.03557457212713937,0.0
164,8198,0.09124176628445962,0.011710173212978776,0.012808001951695536,0.016223469138814346,0.04342522566479629,0.47450597706757747,0.3177604293730178,0.032324957306660164,0.0
165,8231,0.09038998906572714,0.013121127445024906,0.011055764791641356,0.017737820434941078,0.043737091483416354,0.4796501032681327,0.3128416960272142,0.03146640748390232,0.0
166,8272,0.09018375241779497,0.0136605415860735,0.011726305609284332,0.01644100580270793,0.0441247582205029,0.4870647969052224,0.3052466150870406,0.03155222437137331,0.0
167,8302,0.08973741267164538,0.012888460611900746,0.012286196097325945,0.016020236087689713,0.045410744398940016,0.4985545651650205,0.29583232955914235,0.02927005540833534,0.0
168,8336,0.08829174664107485,0.013675623800383877,0.013915547024952015,0.014275431861804223,0.04798464491362764,0.5067178502879078,0.2907869481765835,0.024352207293666026,0.0
169,8379,0.08962883398973624,0.012650674304809643,0.014679556032939491,0.012053944384771453,0.04940923737916219,0.5153359589449815,0.28046306241794966,0.02577873254564984,0.0
170,8410,0.08953626634958382,0.011533888228299644,0.015101070154577883,0.01296076099881094,0.050178359096313914,0.5222354340071343,0.2726516052318668,0.025802615933412605,0.0
171,8447,0.08902568959393868,0.011483366875813899,0.0153900793181011,0.013495915709719426,0.050787261749733636,0.5277613353853439,0.26684029833076833,0.025216053036581036,0.0
172,8500,0.08858823529411765,0.012705882352941176,0.014588235294117647,0.01423529411764706,0.04988235294117647,0.5263529411764706,0.2667058823529412,0.026941176470588236,0.0
173,8529,0.08840426779223824,0.010786727635127212,0.016531832571227575,0.014538632899519286,0.052526673701489036,0.5373431820846524,0.2564192754132958,0.023449407902450464,0.0
174,8557,0.08811499357251373,0.010751431576487086,0.015542830431225898,0.014607923337618324,0.05352343110903354,0.5483230104008414,0.24739978964590395,0.021736589926376067,0.0
175,8603,0.08938742299197955,0.011042659537370684,0.013018714401952807,0.016505870045333024,0.053818435429501335,0.547832151575032,0.24444961060095316,0.023945135417877485,0.0
176,8642,0.08875260356398981,0.01284424901643138,0.012034251330710484,0.017241379310344827,0.05542698449433001,0.5605183985188614,0.23223790789169174,0.020944225873640362,0.0
177,8690,0.08987341772151898,0.013693901035673188,0.011277330264672036,0.017721518987341773,0.05408515535097814,0.5690448791714614,0.22336018411967778,0.02094361334867664,0.0
178,8722,0.08782389360238478,0.015019490942444393,0.012038523274478331,0.016624627379041506,0.05457463884430177,0.5687915615684476,0.2247191011235955,0.02040816326530612,0.0
179,8742,0.08579272477693892,0.013841226264012811,0.013040494166094716,0.015213909860443834,0.06119881034088309,0.5752688172043011,0.21562571493937313,0.020018302447952413,0.0
180,8779,0.08577286706914228,0.012985533659870145,0.014238523749857615,0.014010707369859893,0.06253559630937465,0.5751224513042488,0.21437521357785624,0.02095910695979041,0.0
181,8834,0.08693683495585239,0.013244283450305637,0.013357482454154404,0.014036676477247,0.06690061127462078,0.5712021734208739,0.21134254018564635,0.022979397781299524,0.0
182,8862,0.08654931166779509,0.010832769126607989,0.01579778830963665,0.014556533513879486,0.07492665312570526,0.5828255472805236,0.19273301737756715,0.02177837959828481,0.0
183,8906,0.08724455423310128,0.010891533797439928,0.01684257803727824,0.013474062429822591,0.07354592409611498,0.5909499214013025,0.18728946777453404,0.019761958230406468,0.0
184,8944,0.0873211091234347,0.01084525939177102,0.015988372093023256,0.014087656529516995,0.07356887298747763,0.597160107334526,0.1815742397137746,0.01945438282647585,0.0
185,8984,0.08748886910062333,0.010796972395369546,0.016362422083704364,0.013468388245770258,0.0733526268922529,0.6039626001780944,0.17475512021371326,0.01981300089047195,0.0
186,9004,0.08607285650821857,0.011661483784984451,0.013771657041314972,0.01543758329631275,0.07585517547756553,0.6101732563305198,0.16814749000444246,0.018880497556641493,0.0
187,9046,0.08600486402829981,0.01160734026088879,0.012160070749502542,0.017687375635640063,0.07528189254919301,0.6110988282113642,0.16670351536590758,0.019456113199204067,0.0
188,9088,0.08615757042253522,0.01232394366197183,0.012433978873239437,0.018045774647887324,0.0742737676056338,0.6145466549295775,0.16285211267605634,0.01936619718309859,0.0
189,9114,0.08393680052666228,0.013056835637480798,0.013166556945358789,0.017555409260478386,0.07735352205398288,0.618718455123985,0.15745007680491552,0.018762343647136272,0.0
190,9150,0.08360655737704918,0.014207650273224045,0.012568306010928962,0.016830601092896174,0.07956284153005465,0.6225136612021858,0.15256830601092897,0.01814207650273224,0.0
191,9183,0.08428618098660569,0.01274093433518458,0.013285418708483066,0.016443428073614288,0.08058368724817598,0.6243057824240444,0.15027768703038222,0.018076881193509746,0.0
192,9317,0.08844048513470001,0.012235698186111409,0.014489642588816142,0.015777610818933134,0.07738542449286251,0.6209080176022325,0.15198025115380487,0.018782870022539443,0.0
193,9360,0.0891025641025641,0.011645299145299146,0.01452991452991453,0.014957264957264958,0.07927350427350427,0.6200854700854701,0.14946581196581196,0.02094017094017094,0.0
194,9390,0.08807241746538871,0.011501597444089457,0.015548455804046858,0.013738019169329074,0.08221512247071353,0.6241746538871139,0.14313099041533547,0.02161874334398296,0.0
195,9414,0.0869980879541109,0.011259825791374549,0.014765243254727002,0.014446568939876779,0.08423624389207564,0.6317187168047589,0.13554280858296155,0.021032504780114723,0.0
196,9450,0.08698412698412698,0.010476190476190476,0.01470899470899471,0.015555555555555555,0.08582010582010582,0.6323809523809524,0.1328042328042328,0.02126984126984127,0.0
197,9494,0.08795028439014115,0.010006319780914262,0.013376869601853802,0.01759005687802823,0.0880556140720455,0.6307141352433115,0.13145144301664208,0.020855277017063408,0.0
198,9526,0.08786479109804744,0.010077682133109386,0.013017006088599622,0.018055847155154313,0.0890195255091329,0.6316397228637414,0.1285954230526979,0.02173000209951711,0.0
199,9566,0.08760192347898808,0.011603596069412503,0.012858038887727368,0.017457662554881872,0.09094710432782772,0.6280577043696425,0.12847585197574743,0.02299811833577253,0.0
200,9603,0.08632718941997293,0.0129126314693325,0.012600229095074456,0.017494532958450486,0.0948661876496928,0.6268874310111423,0.12558575445173384,0.023326043944600645,0.0
201,9634,0.08490761884990658,0.013390076811293335,0.01307867967614698,0.017645837658293542,0.0954951214448827,0.6269462320946647,0.1243512559684451,0.024185177496367033,0.0
202,9688,0.08546655656482247,0.01300578034682081,0.014554087530966143,0.016308835672997523,0.0968208092485549,0.6238645747316267,0.1254128819157721,0.024566473988439308,0.0
203,9707,0.0847841763675698,0.011950139074894407,0.014216544761512311,0.016276913567528587,0.10147316369630163,0.6271762645513547,0.1227979808385701,0.021324817142268467,0.0
204,9738,0.08389813103306634,0.01139864448552064,0.014992811665639762,0.016327788046826865,0.10320394331484904,0.6293900184842883,0.11799137399876772,0.02279728897104128,0.0
205,9790,0.08529111338100102,0.01174668028600613,0.014606741573033709,0.015628192032686415,0.1041879468845761,0.627170582226762,0.11828396322778345,0.023084780388151174,0.0
206,9806,0.08321435855598613,0.011931470528248011,0.014684886803997552,0.016214562512747298,0.10677136447073221,0.6294105649602284,0.1142157862533143,0.023557005914746073,0.0
207,9847,0.0840865238143597,0.01117091499949223,0.013709759317558648,0.017365695135574285,0.10652990758606683,0.6294302833350259,0.11465420940387935,0.02305270640804306,0.0
208,9880,0.08410931174089069,0.010323886639676113,0.013765182186234818,0.018218623481781375,0.10526315789473684,0.6344129554655871,0.11052631578947368,0.023380566801619432,0.0
209,9930,0.08479355488418933,0.011278952668680765,0.012185297079556899,0.01933534743202417,0.10845921450151057,0.6269889224572004,0.11500503524672709,0.021953675730110776,0.0
210,9962,0.08321622164224052,0.012748444087532625,0.011644248142943184,0.01897209395703674,0.11001806866091146,0.6252760489861474,0.11604095563139932,0.022083918891788797,0.0
211,9984,0.08032852564102565,0.014122596153846154,0.011919070512820512,0.01953125,0.11107772435897435,0.6269030448717948,0.11448317307692307,0.021634615384615384,0.0
212,10043,0.08254505625809021,0.01394005775166783,0.013043911181917753,0.01772378771283481,0.11012645623817584,0.6261077367320522,0.11410932988150951,0.022403664243751866,0.0
213,10075,0.08228287841191068,0.01250620347394541,0.015285359801488834,0.016178660049627792,0.11037220843672457,0.629181141439206,0.11156327543424317,0.022630272952853598,0.0
214,10096,0.08181458003169573,0.011489698890649762,0.015352614896988907,0.01644215530903328,0.11341125198098256,0.6309429477020603,0.10786450079239303,0.022682250396196514,0.0
215,10122,0.08111045247974709,0.010571033392610157,0.016301126259632485,0.016992689191859315,0.11647895672791939,0.6288282948033985,0.10738984390436672,0.02232760324046631,0.0
216,10161,0.0812912114949316,0.01082570613128629,0.01545123511465407,0.01791162287176459,0.11583505560476332,0.6274972935734672,0.10894596988485385,0.022241905324279106,0.0
217,10181,0.07916707592574403,0.011590217071014635,0.014929771142323937,0.01895688046360868,0.11924172478145566,0.6273450545133091,0.10637461938905805,0.022394656713485905,0.0
218,10224,0.08049687010954616,0.010465571205007825,0.01486697965571205,0.018388106416275432,0.12050078247261346,0.6262715179968701,0.10729655712050078,0.02171361502347418,0.0
219,10282,0.08198794008947675,0.011379109122738767,0.013907800038902938,0.018187123127796148,0.12079361991830383,0.6217661933475978,0.10941451079556506,0.02256370355961875,0.0
220,10305,0.0794759825327511,0.012809315866084425,0.012906356137797186,0.018922852983988356,0.12430858806404659,0.6209606986899563,0.10878214459000485,0.021834061135371178,0.0
